[i] [x]
1 91.2
2 33.5
3 27.8
4 47.7
5 36.5
6 14.2
7 1.6
8 13.7
9 15.7
10 13.0
11 99.9
12 61.3
13 29.3
14 28.3
15 52.6
16 19.2
17 89.0
18 6.4
19 45.8
20 23.8
21 26.7
22 37.5
23 53.2
24 28.4
25 64.0
26 68.8
27 82.9
28 22.9
29 35.0
30 39.8
31 48.2
32 14.8
33 62.0
34 78.6
35 44.7
36 18.8
37 55.6
38 17.0
39 10.3
40 29.4
41 58.4
42 15.2
43 12.5
44 16.4
45 5.3
46 17.6
47 9.3
48 52.0
49 7.0
50 5.2
51 100.0
52 89.0
53 99.8
54 87.1
55 59.4
56 16.3
57 35.9
58 57.9
59 68.7
60 16.4
61 88.9
62 65.0
63 62.9
64 70.1
65 32.9
66 7.4
67 22.4
68 28.0
69 71.9
70 47.1
71 94.4
72 33.6
73 43.5
74 34.5
75 83.3
76 48.2
77 71.2
78 62.2
79 41.4
80 34.7
81 73.1
82 74.0
83 65.3
84 53.2
85 26.0
86 68.6
87 11.1
88 66.7
89 77.6
90 33.0
91 98.4
92 82.7
93 18.8
94 12.1
95 38.4
96 86.2
97 29.7
98 49.8
99 16.3
100 49.6
101 18.0
102 72.8
103 17.8
104 49.9
105 13.8
106 32.5
107 49.6
108 39.4
109 60.9
110 15.1
111 10.8
112 36.4
113 33.1
114 58.4
115 48.7
116 51.8
117 55.8
118 24.4
119 98.5
120 89.8
121 41.1
122 29.4
123 4.9
124 21.1
125 86.5
126 10.0
127 30.2
128 80.9
129 5.2
130 11.9
131 59.5
132 30.4
133 47.7
134 23.4
135 7.0
136 92.4
137 48.2
138 82.7
139 35.7
140 34.4
141 65.9
142 25.7
143 30.8
144 19.8
145 11.0
146 20.0
147 31.6
148 23.1
149 53.3
150 55.5
151 38.0
152 30.5
153 26.0
154 69.8
155 64.6
156 51.9
157 36.2
158 15.3
159 6.4
160 18.8
161 0.1
162 30.5
163 18.1
164 65.3
165 88.5
166 15.7
167 90.4
168 39.5
169 23.3
170 49.4
171 93.6
172 26.3
173 47.1
174 41.2
175 53.9
176 57.9
177 11.3
178 51.0
179 14.4
180 24.7
181 58.3
182 5.9
183 22.3
184 33.4
185 21.9
186 95.0
187 18.4
188 90.5
189 33.2
190 62.2
191 47.8
192 21.1
193 86.5
194 37.4
195 5.9
196 56.4
197 1.9
198 17.3
199 15.5
200 88.2
201 47.6
202 94.7
203 18.4
204 16.7
205 62.6
206 12.7
207 94.7
208 16.1
209 46.2
210 91.5
211 61.4
212 39.4
213 43.7
214 24.4
215 56.6
216 3.5
217 3.6
218 20.1
219 70.0
220 34.1
221 90.4
222 75.2
223 80.9
224 59.1
225 10.1
226 24.4
227 58.9
228 46.9
229 58.7
230 58.5
231 52.7
232 72.9
233 26.4
234 53.8
235 93.2
236 20.6
237 40.1
238 44.3
239 70.3
240 21.5
241 25.8
242 32.1
243 25.0
244 7.3
245 34.4
246 4.4
247 0.5
248 29.3
249 46.7
250 19.1
251 92.3
252 8.4
253 86.7
254 77.8
255 9.6
256 94.6
257 27.5
258 81.0
259 74.7
260 17.3
261 76.1
262 34.2
263 45.7
264 65.4
265 60.0
266 8.1
267 13.7
268 11.4
269 58.2
270 31.2
271 76.8
272 3.8
273 39.9
274 45.3
275 30.8
276 0.5
277 12.6
278 8.4
279 6.3
280 52.7
281 92.8
282 38.8
283 53.9
284 92.2
285 38.2
286 51.6
287 50.2
288 67.2
289 13.9
290 19.6
291 18.4
292 31.3
293 88.8
294 48.0
295 20.0
296 22.2
297 14.2
298 87.3
299 77.3
300 28.4
301 88.0
302 17.9
303 44.3
304 64.8
305 32.6
306 60.8
307 39.9
308 39.4
309 60.0
310 90.2
311 46.1
312 29.2
313 24.6
314 30.1
315 48.6
316 85.9
317 29.3
318 28.9
319 17.5
320 11.3
321 40.5
322 83.8
323 67.4
324 34.7
325 45.7
326 54.1
327 26.9
328 23.6
329 21.9
330 51.4
331 34.4
332 9.4
333 52.1
334 18.0
335 38.6
336 42.7
337 10.9
338 15.9
339 31.3
340 45.6
341 95.9
342 2.1
343 4.0
344 18.4
345 7.4
346 40.9
347 56.3
348 47.5
349 91.7
350 19.2
351 92.9
352 50.9
353 18.8
354 62.8
355 74.9
356 87.2
357 9.9
358 80.1
359 18.6
360 38.1
361 17.7
362 14.8
363 27.6
364 15.5
365 22.3
366 54.6
367 17.4
368 24.7
369 36.7
370 51.7
371 1.8
372 24.1
373 78.8
374 32.5
375 63.8
376 24.4
377 13.8
378 21.2
379 77.8
380 1.3
381 52.4
382 22.5
383 23.5
384 9.2
385 64.0
386 21.5
387 44.8
388 30.3
389 51.6
390 58.4
391 95.1
392 57.6
393 92.4
394 78.4
395 70.5
396 59.7
397 12.7
398 55.7
399 24.8
400 3.2
401 21.2
402 30.6
403 15.4
404 32.3
405 86.7
406 85.5
407 90.7
408 0.0
409 30.8
410 26.7
411 26.7
412 31.4
413 8.0
414 24.6
415 12.8
416 58.5
417 8.3
418 25.6
419 14.4
420 59.9
421 89.0
422 3.6
423 69.2
424 34.0
425 56.8
426 6.8
427 11.2
428 10.6
429 35.5
430 37.5
431 84.1
432 70.4
433 0.6
434 72.8
435 96.9
436 16.9
437 63.4
438 36.1
439 53.8
440 64.7
441 73.7
442 39.3
443 8.4
444 92.8
445 52.7
446 98.9
447 43.9
448 58.0
449 44.5
450 38.7
451 5.5
452 3.7
453 32.9
454 2.1
455 87.3
456 93.3
457 42.5
458 49.8
459 26.2
460 8.7
461 50.8
462 17.5
463 97.4
464 34.0
465 14.4
466 61.3
467 5.9
468 43.2
469 97.3
470 99.3
471 52.7
472 10.9
473 4.6
474 5.0
475 47.9
476 60.3
477 48.5
478 79.4
479 76.3
480 35.6
481 14.3
482 23.0
483 49.4
484 56.1
485 14.3
486 47.1
487 96.3
488 26.6
489 59.1
490 27.6
491 44.7
492 90.7
493 1.6
494 36.2
495 50.0
496 25.2
497 67.9
498 23.5
499 25.8
500 77.3
501 17.9
502 37.7
503 30.2
504 91.0
505 95.7
506 10.9
507 16.5
508 22.7
509 78.9
510 64.1
511 9.9
512 12.2
513 8.1
514 21.3
515 26.9
516 73.5
517 4.1
518 74.4
519 32.7
520 57.9
521 38.2
522 62.2
523 68.4
524 15.0
525 68.0
526 26.8
527 21.5
528 11.9
529 90.3
530 18.0
531 95.4
532 17.8
533 26.8
534 25.7
535 58.0
536 19.1
537 47.0
538 15.0
539 41.0
540 11.8
541 98.5
542 90.8
543 15.9
544 10.1
545 31.7
546 23.4
547 97.5
548 59.6
549 97.7
550 1.4
551 4.5
552 23.5
553 3.1
554 22.3
555 46.1
556 24.4
557 29.5
558 3.5
559 46.2
560 93.1
561 25.9
562 9.0
563 4.9
564 21.7
565 46.8
566 11.4
567 9.5
568 11.7
569 18.5
570 40.4
571 40.1
572 7.6
573 53.0
574 10.0
575 14.4
576 62.7
577 46.2
578 13.8
579 20.0
580 10.1
581 46.0
582 13.3
583 39.9
584 81.9
585 54.6
586 18.9
587 12.1
588 19.6
589 9.4
590 35.2
591 33.0
592 41.8
593 1.9
594 20.4
595 14.7
596 40.1
597 38.4
598 40.6
599 0.3
600 49.5
601 6.3
602 93.1
603 40.5
604 11.7
605 68.0
606 10.9
607 98.8
608 44.9
609 23.9
610 56.6
611 24.8
612 13.2
613 17.4
614 26.8
615 68.5
616 95.1
617 36.8
618 39.8
619 17.9
620 93.5
621 59.1
622 44.6
623 82.3
624 20.0
625 23.4
626 24.4
627 65.7
628 29.4
629 59.5
630 7.4
631 95.8
632 15.8
633 96.1
634 40.1
635 74.6
636 98.9
637 73.2
638 20.6
639 23.8
640 64.5
641 92.0
642 17.3
643 23.5
644 52.0
645 8.6
646 42.6
647 30.7
648 88.8
649 6.6
650 75.0
651 23.8
652 19.9
653 67.3
654 12.4
655 52.9
656 9.4
657 77.6
658 68.5
659 98.0
660 13.6
661 45.0
662 50.5
663 13.0
664 13.9
665 10.9
666 33.9
667 29.9
668 19.7
669 55.6
670 60.7
671 5.0
672 52.2
673 98.9
674 29.8
675 92.3
676 16.7
677 31.7
678 44.4
679 32.5
680 49.5
681 30.0
682 28.9
683 15.2
684 12.7
685 13.0
686 58.4
687 6.2
688 10.2
689 30.7
690 78.1
691 90.5
692 49.1
693 88.1
694 94.7
695 13.8
696 52.6
697 73.8
698 13.9
699 18.7
700 40.8
701 29.7
702 67.1
703 25.9
704 63.4
705 17.3
706 16.1
707 88.2
708 27.8
709 56.7
710 51.8
711 9.8
712 31.7
713 99.6
714 14.9
715 21.0
716 86.3
717 45.7
718 15.2
719 51.7
720 32.6
721 40.2
722 85.7
723 48.2
724 6.3
725 16.9
726 95.0
727 99.1
728 26.5
729 10.2
730 21.1
731 89.6
732 22.2
733 78.4
734 59.1
735 26.1
736 21.3
737 3.2
738 57.0
739 31.0
740 63.7
741 54.1
742 65.3
743 91.8
744 48.1
745 27.6
746 39.8
747 14.1
748 24.9
749 49.1
750 5.9
751 32.3
752 28.8
753 99.6
754 37.4
755 2.5
756 50.3
757 33.1
758 9.4
759 23.6
760 14.9
761 0.0
762 42.4
763 37.9
764 40.4
765 80.8
766 65.9
767 45.3
768 3.3
769 93.9
770 53.9
771 28.0
772 73.5
773 12.5
774 57.9
775 25.8
776 23.6
777 56.9
778 64.6
779 74.8
780 51.6
781 35.9
782 31.4
783 54.0
784 23.7
785 17.0
786 39.2
787 42.2
788 9.0
789 29.8
790 3.6
791 24.8
792 90.6
793 89.9
794 63.4
795 63.9
796 38.3
797 16.7
798 97.2
799 2.2
800 85.1
801 30.6
802 6.5
803 25.4
804 5.7
805 49.0
806 35.0
807 10.2
808 8.9
809 63.7
810 43.3
811 55.3
812 22.6
813 85.9
814 99.6
815 75.0
816 92.4
817 83.5
818 7.8
819 89.2
820 16.4
821 52.2
822 28.3
823 38.7
824 28.7
825 84.8
826 20.2
827 73.3
828 4.5
829 97.5
830 13.1
831 29.1
832 29.7
833 9.5
834 54.5
835 89.4
836 88.7
837 79.0
838 3.0
839 66.1
840 27.1
841 8.7
842 76.3
843 98.9
844 52.5
845 16.4
846 13.4
847 45.2
848 94.3
849 19.6
850 48.9
851 39.6
852 2.9
853 9.9
854 40.3
855 39.6
856 42.1
857 2.7
858 17.1
859 41.6
860 7.8
861 81.3
862 59.6
863 89.9
864 48.5
865 62.2
866 96.1
867 8.8
868 40.6
869 59.5
870 96.1
871 16.6
872 38.1
873 29.7
874 2.2
875 36.1
876 36.5
877 20.3
878 34.3
879 27.8
880 35.6
881 44.4
882 18.7
883 8.7
884 38.2
885 33.3
886 6.4
887 81.0
888 33.8
889 15.1
890 93.8
891 81.7
892 15.3
893 31.6
894 14.8
895 87.3
896 72.7
897 41.2
898 28.0
899 23.5
900 47.4
901 96.9
902 36.2
903 45.6
904 1.1
905 67.6
906 52.8
907 12.5
908 46.1
909 29.1
910 18.5
911 23.3
912 42.7
913 10.8
914 27.6
915 30.0
916 99.5
917 94.4
918 29.1
919 92.4
920 17.3
921 46.5
922 25.8
923 9.9
924 6.9
925 37.6
926 37.8
927 31.0
928 0.9
929 60.6
930 52.6
931 24.4
932 54.0
933 83.5
934 88.2
935 17.0
936 2.0
937 13.9
938 27.1
939 57.5
940 77.1
941 22.5
942 43.2
943 77.0
944 23.1
945 20.8
946 88.4
947 33.6
948 13.7
949 46.8
950 97.4
951 27.1
952 14.5
953 26.1
954 8.4
955 50.6
956 6.6
957 10.8
958 83.1
959 22.7
960 22.0
961 29.2
962 5.9
963 57.3
964 39.3
965 35.1
966 22.1
967 63.7
968 94.3
969 74.1
970 8.7
971 15.7
972 32.7
973 32.1
974 9.0
975 6.5
976 47.2
977 98.0
978 17.1
979 81.9
980 98.4
981 63.6
982 98.8
983 73.8
984 21.4
985 5.9
986 62.2
987 22.2
988 18.6
989 5.1
990 48.8
991 32.5
992 34.2
993 86.6
994 47.9
995 42.2
996 3.6
997 5.5
998 49.9
999 97.1
1000 41.4
1001 34.0
1002 27.8
1003 71.5
1004 53.4
1005 10.2
1006 55.1
1007 100.0
1008 5.4
1009 53.5
1010 25.2
1011 30.3
1012 14.7
1013 30.7
1014 47.8
1015 83.0
1016 2.5
1017 70.5
1018 33.4
1019 14.4
1020 33.8
1021 90.4
1022 28.3
1023 10.2
1024 59.2
1025 80.5
1026 19.4
1027 86.0
1028 13.9
1029 92.2
1030 82.9
1031 51.0
1032 1.8
1033 50.5
1034 71.9
1035 11.6
1036 95.1
1037 8.2
1038 24.6
1039 5.2
1040 81.2
1041 85.9
1042 19.2
1043 71.8
1044 25.3
1045 94.0
1046 72.2
1047 40.2
1048 47.0
1049 1.1
1050 40.5
1051 59.3
1052 14.0
1053 71.5
1054 63.5
1055 6.1
1056 58.6
1057 2.6
1058 65.9
1059 57.8
1060 86.0
1061 41.7
1062 76.6
1063 50.1
1064 3.8
1065 50.1
1066 2.3
1067 9.7
1068 52.4
1069 50.9
1070 58.6
1071 29.0
1072 25.8
1073 44.5
1074 78.6
1075 80.6
1076 94.2
1077 41.1
1078 53.1
1079 2.7
1080 9.9
1081 44.8
1082 13.1
1083 38.1
1084 78.7
1085 69.3
1086 3.2
1087 25.8
1088 1.4
1089 2.9
1090 59.1
1091 43.0
1092 70.3
1093 37.5
1094 14.3
1095 8.2
1096 16.7
1097 14.1
1098 97.5
1099 42.9
1100 6.9
1101 63.1
1102 48.3
1103 4.4
1104 46.4
1105 76.4
1106 61.6
1107 31.7
1108 64.5
1109 41.0
1110 28.8
1111 13.7
1112 5.9
1113 16.0
1114 30.4
1115 81.2
1116 71.7
1117 44.3
1118 19.7
1119 99.3
1120 40.4
1121 17.6
1122 32.7
1123 47.2
1124 18.2
1125 67.0
1126 22.0
1127 98.6
1128 32.2
1129 30.8
1130 18.3
1131 6.9
1132 49.6
1133 42.8
1134 44.3
1135 85.4
1136 95.2
1137 10.6
1138 16.5
1139 12.1
1140 31.1
1141 87.2
1142 39.0
1143 91.0
1144 41.4
1145 44.4
1146 26.4
1147 13.3
1148 77.6
1149 45.9
1150 93.2
1151 97.6
1152 74.8
1153 96.2
1154 98.9
1155 40.3
1156 14.5
1157 39.7
1158 8.2
1159 26.7
1160 39.9
1161 27.9
1162 20.6
1163 15.8
1164 83.4
1165 22.1
1166 8.0
1167 39.1
1168 95.4
1169 4.0
1170 18.5
1171 79.9
1172 33.0
1173 24.8
1174 95.1
1175 73.3
1176 49.2
1177 34.9
1178 21.4
1179 15.8
1180 46.1
1181 47.6
1182 18.2
1183 34.1
1184 24.1
1185 64.3
1186 1.9
1187 70.3
1188 32.0
1189 48.0
1190 34.6
1191 45.3
1192 26.7
1193 68.6
1194 45.7
1195 43.1
1196 31.1
1197 91.9
1198 88.9
1199 7.2
1200 39.7
1201 27.3
1202 26.2
1203 36.7
1204 66.3
1205 73.0
1206 42.1
1207 64.1
1208 8.4
1209 11.9
1210 26.8
1211 55.3
1212 35.0
1213 74.5
1214 96.2
1215 13.3
1216 77.6
1217 23.5
1218 23.8
1219 30.7
1220 16.3
1221 25.7
1222 38.8
1223 5.6
1224 27.6
1225 20.5
1226 19.9
1227 46.9
1228 43.9
1229 33.5
1230 24.8
1231 6.7
1232 24.3
1233 93.9
1234 14.4
1235 100.0
1236 78.0
1237 91.5
1238 25.4
1239 75.7
1240 10.9
1241 1.4
1242 8.0
1243 17.4
1244 76.6
1245 28.2
1246 8.8
1247 38.6
1248 64.3
1249 57.5
1250 85.4
1251 93.1
1252 83.7
1253 21.6
1254 10.9
1255 99.2
1256 39.6
1257 19.5
1258 51.5
1259 71.5
1260 96.7
1261 64.5
1262 58.9
1263 34.3
1264 56.0
1265 45.8
1266 92.3
1267 20.8
1268 80.2
1269 98.4
1270 32.6
1271 90.9
1272 43.1
1273 27.0
1274 21.7
1275 17.8
1276 33.7
1277 15.7
1278 16.1
1279 33.4
1280 42.0
1281 89.7
1282 17.6
1283 38.9
1284 23.4
1285 51.6
1286 46.0
1287 56.0
1288 2.3
1289 19.9
1290 13.3
1291 24.3
1292 77.7
1293 19.9
1294 40.5
1295 57.4
1296 20.9
1297 28.3
1298 48.6
1299 5.3
1300 21.8
1301 39.5
1302 76.8
1303 28.8
1304 24.2
1305 39.4
1306 28.6
1307 22.8
1308 26.5
1309 13.9
1310 43.5
1311 64.9
1312 38.3
1313 45.6
1314 7.0
1315 21.7
1316 23.7
1317 98.0
1318 50.5
1319 25.2
1320 34.1
1321 21.8
1322 40.5
1323 39.1
1324 58.9
1325 9.3
1326 39.4
1327 32.9
1328 19.0
1329 99.5
1330 26.8
1331 46.2
1332 41.6
1333 59.8
1334 57.2
1335 1.4
1336 13.4
1337 25.3
1338 31.1
1339 26.6
1340 28.8
1341 45.6
1342 87.7
1343 13.6
1344 5.7
1345 55.6
1346 36.4
1347 10.2
1348 65.1
1349 7.8
1350 2.8
1351 31.7
1352 22.0
1353 15.2
1354 13.1
1355 25.2
1356 47.9
1357 41.6
1358 36.4
1359 19.6
1360 83.4
1361 82.8
1362 44.8
1363 96.4
1364 1.4
1365 90.5
1366 18.4
1367 41.1
1368 1.8
1369 14.2
1370 84.8
1371 1.1
1372 54.5
1373 58.0
1374 50.0
1375 56.1
1376 49.5
1377 97.9
1378 35.8
1379 12.8
1380 42.6
1381 18.1
1382 16.2
1383 13.9
1384 64.0
1385 3.0
1386 24.3
1387 68.0
1388 28.5
1389 39.8
1390 19.0
1391 60.5
1392 36.9
1393 20.7
1394 47.9
1395 14.4
1396 24.6
1397 61.2
1398 33.4
1399 17.7
1400 9.9
1401 33.0
1402 33.2
1403 28.6
1404 33.1
1405 17.6
1406 15.3
1407 35.4
1408 25.8
1409 59.7
1410 0.2
1411 93.8
1412 3.0
1413 14.7
1414 44.3
1415 20.8
1416 17.8
1417 99.3
1418 48.6
1419 31.4
1420 36.2
1421 92.8
1422 31.9
1423 30.6
1424 42.0
1425 48.1
1426 23.4
1427 99.7
1428 10.2
1429 12.1
1430 97.2
1431 45.9
1432 44.2
1433 65.3
1434 15.2
1435 32.2
1436 43.4
1437 11.8
1438 39.6
1439 32.1
1440 78.3
1441 45.4
1442 62.9
1443 22.3
1444 11.6
1445 56.9
1446 42.5
1447 65.3
1448 29.5
1449 37.8
1450 18.9
1451 59.3
1452 33.5
1453 5.7
1454 96.7
1455 19.2
1456 52.1
1457 98.2
1458 23.0
1459 30.6
1460 43.2
1461 27.5
1462 31.7
1463 59.1
1464 13.9
1465 65.3
1466 64.2
1467 9.1
1468 55.5
1469 16.8
1470 94.6
1471 9.8
1472 29.1
1473 15.1
1474 49.0
1475 31.9
1476 39.5
1477 64.1
1478 78.8
1479 35.6
1480 44.6
1481 37.6
1482 15.7
1483 89.2
1484 31.6
1485 46.0
1486 9.0
1487 96.2
1488 47.4
1489 4.6
1490 44.2
1491 12.9
1492 97.0
1493 11.0
1494 23.4
1495 14.7
1496 44.4
1497 54.3
1498 35.5
1499 15.7
1500 83.3
1501 10.2
1502 74.5
1503 32.3
1504 35.8
1505 10.8
1506 91.9
1507 80.9
1508 67.6
1509 9.0
1510 74.5
1511 45.6
1512 34.7
1513 13.2
1514 83.8
1515 23.1
1516 98.3
1517 34.6
1518 47.0
1519 28.7
1520 91.4
1521 48.2
1522 14.8
1523 61.5
1524 3.2
1525 8.9
1526 71.9
1527 36.2
1528 22.0
1529 69.9
1530 93.1
1531 79.3
1532 18.5
1533 37.2
1534 99.4
1535 9.3
1536 72.6
1537 46.0
1538 82.8
1539 22.7
1540 25.3
1541 27.1
1542 12.8
1543 29.2
1544 79.8
1545 33.7
1546 2.5
1547 18.6
1548 6.5
1549 2.6
1550 30.3
1551 92.7
1552 29.4
1553 61.7
1554 39.3
1555 12.6
1556 52.6
1557 18.9
1558 24.6
1559 5.7
1560 12.3
1561 89.5
1562 21.7
1563 95.3
1564 7.5
1565 12.9
1566 15.3
1567 36.2
1568 97.8
1569 55.7
1570 15.7
1571 94.8
1572 26.0
1573 33.1
1574 22.1
1575 98.9
1576 51.9
1577 14.0
1578 19.5
1579 9.7
1580 29.1
1581 69.1
1582 6.7
1583 30.4
1584 29.8
1585 50.4
1586 9.6
1587 3.6
1588 94.2
1589 49.1
1590 79.7
1591 60.5
1592 27.8
1593 14.9
1594 8.7
1595 89.4
1596 39.5
1597 94.4
1598 23.3
1599 80.7
1600 0.3
1601 30.9
1602 28.2
1603 49.3
1604 34.0
1605 70.3
1606 32.0
1607 17.6
1608 4.3
1609 20.5
1610 9.9
1611 45.1
1612 31.1
1613 55.2
1614 53.5
1615 51.6
1616 11.4
1617 33.3
1618 36.8
1619 78.4
1620 58.5
1621 30.3
1622 19.2
1623 30.1
1624 23.1
1625 85.8
1626 62.1
1627 56.4
1628 79.9
1629 52.4
1630 28.0
1631 53.4
1632 35.7
1633 56.3
1634 43.2
1635 63.2
1636 64.9
1637 51.6
1638 77.6
1639 56.1
1640 70.0
1641 3.2
1642 39.1
1643 15.8
1644 0.1
1645 13.0
1646 1.6
1647 55.6
1648 9.3
1649 32.2
1650 23.5
1651 58.6
1652 90.2
1653 31.8
1654 74.3
1655 22.1
1656 37.8
1657 44.3
1658 17.2
1659 52.7
1660 84.9
1661 12.1
1662 52.3
1663 8.3
1664 16.0
1665 27.9
1666 38.8
1667 71.7
1668 65.2
1669 37.6
1670 31.7
1671 66.5
1672 40.0
1673 14.4
1674 50.8
1675 21.8
1676 58.0
1677 7.2
1678 59.3
1679 34.3
1680 35.2
1681 54.5
1682 46.6
1683 63.7
1684 96.2
1685 63.8
1686 36.0
1687 97.7
1688 16.6
1689 85.9
1690 16.9
1691 25.0
1692 34.8
1693 0.7
1694 15.0
1695 52.4
1696 45.8
1697 7.0
1698 85.6
1699 33.2
1700 29.7
1701 81.2
1702 86.3
1703 16.8
1704 91.7
1705 42.8
1706 94.2
1707 70.8
1708 14.3
1709 95.4
1710 38.6
1711 77.0
1712 17.3
1713 11.2
1714 36.8
1715 7.9
1716 62.9
1717 64.0
1718 21.1
1719 4.4
1720 38.3
1721 36.7
1722 52.4
1723 33.6
1724 40.8
1725 24.5
1726 20.0
1727 0.3
1728 11.9
1729 3.6
1730 29.3
1731 24.5
1732 91.4
1733 39.4
1734 68.5
1735 43.3
1736 41.5
1737 40.7
1738 95.1
1739 23.6
1740 63.0
1741 10.0
1742 85.2
1743 31.9
1744 92.8
1745 86.8
1746 5.1
1747 74.4
1748 7.3
1749 25.3
1750 28.6
1751 7.1
1752 97.5
1753 38.3
1754 83.8
1755 70.2
1756 92.9
1757 8.6
1758 7.3
1759 87.6
1760 24.8
1761 66.5
1762 16.8
1763 10.9
1764 42.4
1765 56.9
1766 96.4
1767 14.1
1768 71.7
1769 55.0
1770 76.8
1771 46.1
1772 17.4
1773 21.9
1774 6.5
1775 51.2
1776 17.5
1777 9.1
1778 45.5
1779 80.6
1780 30.3
1781 31.9
1782 9.9
1783 54.5
1784 11.2
1785 15.0
1786 55.9
1787 49.3
1788 17.9
1789 12.0
1790 80.8
1791 71.1
1792 90.3
1793 8.2
1794 6.6
1795 21.7
1796 81.8
1797 12.1
1798 2.6
1799 19.3
1800 28.6
1801 9.3
1802 40.9
1803 88.7
1804 33.6
1805 40.8
1806 98.5
1807 6.5
1808 87.8
1809 48.7
1810 11.0
1811 35.2
1812 8.4
1813 25.0
1814 43.5
1815 43.6
1816 28.0
1817 68.7
1818 21.8
1819 43.7
1820 38.0
1821 67.8
1822 51.6
1823 62.9
1824 61.1
1825 17.1
1826 31.2
1827 86.0
1828 7.2
1829 29.3
1830 16.6
1831 16.3
1832 78.1
1833 20.5
1834 32.1
1835 31.9
1836 76.1
1837 9.9
1838 36.6
1839 41.7
1840 99.3
1841 7.8
1842 47.3
1843 95.2
1844 5.8
1845 66.4
1846 31.2
1847 47.4
1848 69.5
1849 20.8
1850 52.1
1851 29.9
1852 23.4
1853 69.2
1854 14.4
1855 13.9
1856 41.9
1857 25.5
1858 57.7
1859 96.3
1860 11.3
1861 47.7
1862 52.1
1863 59.5
1864 45.5
1865 83.7
1866 69.6
1867 27.0
1868 33.9
1869 1.9
1870 9.2
1871 35.7
1872 37.7
1873 19.4
1874 90.6
1875 99.0
1876 99.7
1877 94.1
1878 60.5
1879 11.4
1880 32.2
1881 55.0
1882 98.3
1883 3.3
1884 95.9
1885 40.3
1886 22.4
1887 62.4
1888 88.8
1889 15.7
1890 85.3
1891 46.9
1892 80.3
1893 31.1
1894 21.4
1895 33.4
1896 57.2
1897 74.4
1898 22.6
1899 44.4
1900 98.9
1901 72.5
1902 3.6
1903 18.1
1904 79.0
1905 4.5
1906 14.8
1907 33.7
1908 34.2
1909 26.0
1910 72.5
1911 6.8
1912 12.5
1913 95.8
1914 75.1
1915 31.8
1916 2.8
1917 62.6
1918 15.4
1919 28.2
1920 17.4
1921 85.8
1922 14.3
1923 30.3
1924 81.0
1925 49.5
1926 90.9
1927 46.4
1928 33.5
1929 16.6
1930 21.5
1931 23.0
1932 57.1
1933 45.9
1934 70.7
1935 82.8
1936 61.8
1937 11.1
1938 61.5
1939 44.5
1940 30.4
1941 46.1
1942 66.1
1943 6.6
1944 11.8
1945 27.7
1946 20.3
1947 67.8
1948 17.7
1949 13.6
1950 17.7
1951 20.7
1952 24.8
1953 82.2
1954 15.0
1955 4.2
1956 99.4
1957 96.6
1958 28.8
1959 59.9
1960 20.7
1961 18.8
1962 46.8
1963 37.5
1964 47.6
1965 13.4
1966 1.9
1967 23.8
1968 23.3
1969 43.9
1970 63.0
1971 8.3
1972 99.5
1973 29.7
1974 99.7
1975 55.9
1976 92.7
1977 4.3
1978 22.9
1979 16.0
1980 37.2
1981 22.6
1982 36.8
1983 33.8
1984 9.7
1985 97.6
1986 12.2
1987 46.9
1988 3.1
1989 54.7
1990 72.7
1991 59.9
1992 17.8
1993 48.9
1994 40.2
1995 4.1
1996 37.7
1997 22.4
1998 33.6
1999 27.1
2000 62.7
2001 52.5
2002 29.4
2003 45.3
2004 19.5
2005 70.6
2006 35.7
2007 75.2
2008 36.5
2009 33.5
2010 45.3
2011 43.6
2012 59.7
2013 52.1
2014 46.7
2015 94.3
2016 94.3
2017 88.1
2018 2.0
2019 43.8
2020 22.1
2021 97.5
2022 31.3
2023 46.0
2024 30.1
2025 15.2
2026 19.8
2027 14.5
2028 17.5
2029 47.6
2030 12.6
2031 58.9
2032 86.3
2033 85.4
2034 10.6
2035 98.6
2036 27.6
2037 34.9
2038 0.6
2039 34.3
2040 45.1
2041 14.4
2042 7.1
2043 15.1
2044 71.4
2045 99.9
2046 35.3
2047 2.7
2048 88.9
2049 95.3
2050 53.8
2051 84.9
2052 33.2
2053 43.9
2054 14.3
2055 90.1
2056 29.9
2057 57.0
2058 91.9
2059 16.0
2060 85.5
2061 20.0
2062 98.7
2063 28.2
2064 2.8
2065 39.6
2066 46.1
2067 15.9
2068 5.8
2069 68.7
2070 35.0
2071 40.6
2072 28.7
2073 76.7
2074 34.3
2075 59.0
2076 23.8
2077 37.8
2078 32.7
2079 17.3
2080 56.3
2081 40.7
2082 79.9
2083 82.4
2084 63.7
2085 23.0
2086 12.0
2087 80.4
2088 13.9
2089 95.8
2090 67.7
2091 7.3
2092 82.0
2093 22.6
2094 35.6
2095 91.6
2096 99.4
2097 29.5
2098 85.7
2099 14.1
2100 32.8
2101 14.9
2102 78.4
2103 58.8
2104 29.7
2105 13.2
2106 35.3
2107 69.4
2108 8.8
2109 93.8
2110 21.9
2111 4.7
2112 23.7
2113 61.8
2114 21.6
2115 16.0
2116 56.1
2117 34.1
2118 26.1
2119 36.8
2120 52.8
2121 9.0
2122 75.6
2123 29.3
2124 85.2
2125 90.5
2126 21.0
2127 10.9
2128 72.8
2129 93.9
2130 56.2
2131 20.4
2132 33.0
2133 44.8
2134 0.4
2135 9.1
2136 1.7
2137 44.4
2138 26.1
2139 99.4
2140 46.1
2141 23.0
2142 46.0
2143 13.0
2144 48.8
2145 29.2
2146 61.6
2147 25.2
2148 76.8
2149 19.0
2150 22.8
2151 15.6
2152 80.6
2153 69.0
2154 93.3
2155 96.3
2156 1.0
2157 67.2
2158 93.6
2159 68.6
2160 57.8
2161 45.7
2162 82.7
2163 28.2
2164 56.5
2165 13.4
2166 35.5
2167 17.4
2168 0.7
2169 40.7
2170 66.4
2171 69.0
2172 53.2
2173 47.3
2174 0.6
2175 54.3
2176 44.7
2177 85.5
2178 41.6
2179 36.2
2180 98.8
2181 16.7
2182 37.5
2183 94.6
2184 82.7
2185 9.8
2186 24.2
2187 84.0
2188 17.7
2189 10.0
2190 26.1
2191 31.7
2192 20.7
2193 18.2
2194 20.2
2195 76.1
2196 19.3
2197 58.0
2198 42.9
2199 80.3
2200 23.0
2201 55.4
2202 43.8
2203 92.6
2204 60.2
2205 11.1
2206 28.6
2207 65.3
2208 34.2
2209 28.2
2210 94.1
2211 26.0
2212 62.9
2213 30.1
2214 39.9
2215 15.4
2216 36.1
2217 57.9
2218 28.3
2219 93.2
2220 32.6
2221 4.5
2222 27.6
2223 30.0
2224 20.4
2225 81.3
2226 42.5
2227 22.0
2228 10.3
2229 27.3
2230 24.5
2231 94.4
2232 47.7
2233 43.1
2234 48.5
2235 18.6
2236 20.5
2237 8.7
2238 81.0
2239 48.8
2240 22.6
2241 88.6
2242 30.4
2243 8.8
2244 46.7
2245 84.7
2246 83.9
2247 86.7
2248 2.1
2249 21.7
2250 80.0
2251 49.5
2252 85.5
2253 33.3
2254 84.3
2255 6.5
2256 40.5
2257 77.3
2258 9.0
2259 38.4
2260 30.5
2261 8.5
2262 25.1
2263 10.1
2264 38.5
2265 96.3
2266 40.2
2267 38.2
2268 40.9
2269 28.6
2270 40.4
2271 24.0
2272 11.1
2273 7.4
2274 19.5
2275 40.5
2276 31.0
2277 88.7
2278 5.4
2279 97.9
2280 8.9
2281 3.8
2282 93.8
2283 24.0
2284 23.0
2285 97.8
2286 31.9
2287 21.9
2288 37.1
2289 72.7
2290 53.5
2291 41.4
2292 16.0
2293 9.4
2294 51.8
2295 60.6
2296 21.2
2297 33.3
2298 23.6
2299 1.3
2300 30.7
2301 66.1
2302 74.1
2303 26.1
2304 26.8
2305 15.5
2306 13.5
2307 33.5
2308 1.8
2309 44.6
2310 33.7
2311 56.5
2312 17.8
2313 11.7
2314 12.8
2315 73.9
2316 52.0
2317 49.4
2318 24.4
2319 30.8
2320 41.5
2321 52.5
2322 23.0
2323 0.1
2324 55.9
2325 44.1
2326 49.7
2327 86.4
2328 59.0
2329 66.9
2330 2.4
2331 74.1
2332 97.6
2333 74.9
2334 24.7
2335 94.9
2336 50.5
2337 68.2
2338 92.3
2339 17.9
2340 88.7
2341 1.4
2342 78.4
2343 28.9
2344 51.1
2345 30.7
2346 41.0
2347 44.6
2348 32.7
2349 83.7
2350 42.8
2351 30.8
2352 35.2
2353 43.1
2354 99.4
2355 66.9
2356 48.6
2357 35.3
2358 8.1
2359 12.2
2360 24.0
2361 41.3
2362 74.5
2363 27.2
2364 97.5
2365 61.4
2366 42.3
2367 46.4
2368 7.8
2369 31.3
2370 35.5
2371 84.5
2372 86.6
2373 30.2
2374 25.1
2375 52.9
2376 22.0
2377 10.3
2378 87.9
2379 42.7
2380 99.1
2381 31.2
2382 45.2
2383 76.5
2384 24.2
2385 11.5
2386 1.6
2387 63.0
2388 16.8
2389 64.5
2390 0.4
2391 23.2
2392 44.1
2393 86.9
2394 21.0
2395 37.2
2396 2.2
2397 97.2
2398 96.1
2399 67.7
2400 46.5
2401 65.6
2402 48.0
2403 50.2
2404 87.7
2405 99.8
2406 39.2
2407 17.4
2408 61.8
2409 92.3
2410 14.5
2411 41.3
2412 23.8
2413 55.2
2414 52.0
2415 38.1
2416 25.1
2417 99.9
2418 77.4
2419 22.0
2420 56.7
2421 71.7
2422 52.6
2423 4.9
2424 88.1
2425 3.3
2426 42.9
2427 30.7
2428 90.9
2429 1.4
2430 0.1
2431 36.6
2432 56.2
2433 50.3
2434 74.5
2435 59.1
2436 49.0
2437 67.3
2438 15.2
2439 71.3
2440 42.6
2441 26.6
2442 75.0
2443 2.1
2444 98.9
2445 21.7
2446 23.3
2447 62.8
2448 36.2
2449 17.6
2450 22.7
2451 10.9
2452 4.2
2453 83.2
2454 22.2
2455 50.4
2456 50.6
2457 36.1
2458 17.6
2459 76.9
2460 8.9
2461 50.7
2462 39.4
2463 71.4
2464 97.4
2465 9.8
2466 65.0
2467 1.2
2468 13.1
2469 0.0
2470 64.0
2471 96.4
2472 2.7
2473 58.3
2474 19.5
2475 28.2
2476 50.9
2477 94.7
2478 62.6
2479 36.0
2480 16.4
2481 34.5
2482 15.7
2483 66.7
2484 40.7
2485 14.3
2486 93.1
2487 58.9
2488 18.4
2489 50.9
2490 37.7
2491 4.9
2492 70.4
2493 18.5
2494 62.1
2495 42.5
2496 66.6
2497 11.3
2498 27.2
2499 30.8
2500 38.6
2501 61.5
2502 2.7
2503 8.2
2504 9.4
2505 4.0
2506 48.6
2507 28.6
2508 51.8
2509 95.2
2510 47.6
2511 15.9
2512 2.1
2513 43.2
2514 94.1
2515 19.7
2516 9.7
2517 98.7
2518 55.0
2519 86.8
2520 25.9
2521 18.6
2522 66.8
2523 62.4
2524 32.2
2525 53.2
2526 68.5
2527 94.6
2528 22.0
2529 63.0
2530 24.6
2531 60.9
2532 43.5
2533 54.3
2534 87.0
2535 90.0
2536 35.1
2537 60.8
2538 66.0
2539 26.4
2540 45.3
2541 54.0
2542 19.1
2543 80.4
2544 55.9
2545 55.4
2546 55.5
2547 33.0
2548 25.9
2549 43.6
2550 7.6
2551 9.2
2552 21.4
2553 6.3
2554 99.4
2555 28.0
2556 50.7
2557 65.1
2558 8.4
2559 16.5
2560 53.6
2561 52.4
2562 33.3
2563 6.7
2564 5.4
2565 22.2
2566 27.1
2567 50.4
2568 97.6
2569 57.0
2570 30.9
2571 41.7
2572 46.0
2573 25.5
2574 56.7
2575 28.8
2576 95.2
2577 28.3
2578 14.2
2579 92.8
2580 34.0
2581 11.1
2582 28.3
2583 6.3
2584 27.1
2585 21.3
2586 67.6
2587 29.2
2588 42.7
2589 44.1
2590 23.2
2591 25.6
2592 73.6
2593 8.8
2594 63.7
2595 76.5
2596 14.9
2597 60.4
2598 13.0
2599 86.3
2600 41.2
2601 31.9
2602 42.3
2603 11.3
2604 9.6
2605 22.0
2606 99.1
2607 44.5
2608 4.4
2609 75.5
2610 9.4
2611 53.6
2612 20.4
2613 30.5
2614 58.9
2615 46.3
2616 14.4
2617 45.6
2618 73.3
2619 10.6
2620 33.0
2621 95.1
2622 47.8
2623 34.2
2624 30.9
2625 29.5
2626 91.8
2627 32.8
2628 99.3
2629 97.6
2630 34.8
2631 86.4
2632 2.5
2633 21.3
2634 43.2
2635 94.9
2636 39.1
2637 19.1
2638 27.9
2639 27.6
2640 59.8
2641 17.9
2642 55.7
2643 24.6
2644 38.6
2645 94.3
2646 16.2
2647 99.6
2648 77.3
2649 99.3
2650 11.8
2651 39.3
2652 34.1
2653 23.6
2654 81.7
2655 33.5
2656 5.3
2657 40.0
2658 42.4
2659 79.1
2660 43.0
2661 37.5
2662 69.7
2663 48.7
2664 18.6
2665 49.2
2666 51.0
2667 52.0
2668 23.0
2669 39.9
2670 9.4
2671 94.4
2672 97.4
2673 22.0
2674 19.6
2675 26.2
2676 47.2
2677 68.4
2678 2.7
2679 11.2
2680 69.0
2681 88.1
2682 31.4
2683 47.9
2684 91.2
2685 2.6
2686 34.9
2687 56.1
2688 3.4
2689 45.7
2690 95.2
2691 16.5
2692 77.7
2693 80.9
2694 37.1
2695 10.6
2696 93.6
2697 83.0
2698 16.9
2699 41.4
2700 19.6
2701 69.6
2702 71.8
2703 20.5
2704 44.8
2705 24.8
2706 97.3
2707 80.8
2708 40.6
2709 24.8
2710 75.9
2711 18.6
2712 10.2
2713 9.2
2714 33.6
2715 42.4
2716 31.5
2717 30.6
2718 38.5
2719 28.6
2720 82.6
2721 97.9
2722 100.0
2723 59.1
2724 49.2
2725 32.9
2726 41.2
2727 15.0
2728 59.9
2729 9.7
2730 16.8
2731 36.9
2732 49.9
2733 51.4
2734 60.1
2735 13.9
2736 54.7
2737 45.9
2738 82.8
2739 22.1
2740 51.9
2741 14.1
2742 12.6
2743 13.9
2744 44.7
2745 38.2
2746 95.9
2747 21.6
2748 37.1
2749 53.6
2750 54.6
2751 34.6
2752 8.5
2753 35.4
2754 5.4
2755 33.2
2756 47.1
2757 21.0
2758 50.2
2759 19.8
2760 39.3
2761 57.4
2762 6.3
2763 9.9
2764 30.7
2765 30.3
2766 32.1
2767 49.0
2768 54.2
2769 37.5
2770 31.5
2771 37.3
2772 38.7
2773 33.4
2774 20.4
2775 99.0
2776 34.9
2777 41.9
2778 14.1
2779 28.1
2780 47.3
2781 70.4
2782 14.1
2783 56.9
2784 48.2
2785 87.1
2786 44.2
2787 50.0
2788 71.2
2789 66.8
2790 32.9
2791 41.1
2792 13.9
2793 74.7
2794 95.7
2795 97.7
2796 72.6
2797 51.6
2798 67.2
2799 23.0
2800 36.8
2801 71.2
2802 2.9
2803 1.6
2804 53.2
2805 45.9
2806 22.6
2807 62.2
2808 1.2
2809 21.6
2810 22.7
2811 11.8
2812 6.3
2813 25.3
2814 23.4
2815 22.5
2816 5.8
2817 38.0
2818 10.0
2819 48.7
2820 35.0
2821 59.0
2822 24.5
2823 58.4
2824 16.1
2825 49.3
2826 54.2
2827 3.6
2828 72.8
2829 21.1
2830 2.2
2831 3.8
2832 5.4
2833 46.6
2834 55.1
2835 28.6
2836 18.9
2837 59.8
2838 94.8
2839 61.0
2840 4.8
2841 59.4
2842 41.5
2843 53.7
2844 34.3
2845 80.6
2846 5.6
2847 85.8
2848 57.3
2849 66.4
2850 6.6
2851 37.2
2852 0.4
2853 1.5
2854 21.5
2855 31.4
2856 34.3
2857 46.7
2858 64.6
2859 4.4
2860 29.8
2861 31.9
2862 35.6
2863 9.0
2864 99.9
2865 86.2
2866 88.9
2867 97.1
2868 95.3
2869 38.0
2870 67.2
2871 30.0
2872 65.7
2873 35.2
2874 5.1
2875 94.9
2876 32.1
2877 18.0
2878 75.4
2879 87.4
2880 39.6
2881 0.3
2882 34.4
2883 29.4
2884 27.1
2885 29.7
2886 6.9
2887 3.0
2888 38.1
2889 87.4
2890 25.2
2891 10.7
2892 90.6
2893 28.5
2894 41.3
2895 25.1
2896 22.6
2897 14.2
2898 59.2
2899 38.1
2900 10.7
2901 20.2
2902 33.6
2903 53.6
2904 23.9
2905 55.3
2906 2.7
2907 85.3
2908 47.3
2909 16.6
2910 17.8
2911 27.8
2912 18.0
2913 17.0
2914 14.7
2915 26.5
2916 48.0
2917 69.7
2918 29.3
2919 11.3
2920 86.6
2921 25.8
2922 57.7
2923 95.4
2924 42.7
2925 49.9
2926 41.4
2927 46.6
2928 61.4
2929 1.8
2930 34.1
2931 56.5
2932 89.9
2933 4.6
2934 29.7
2935 2.0
2936 43.2
2937 33.3
2938 36.0
2939 99.3
2940 97.2
2941 33.1
2942 10.6
2943 40.9
2944 49.7
2945 32.3
2946 11.3
2947 45.3
2948 36.3
2949 12.1
2950 10.0
2951 43.7
2952 44.9
2953 12.5
2954 34.3
2955 67.9
2956 78.2
2957 87.3
2958 86.6
2959 3.9
2960 25.8
2961 91.5
2962 6.3
2963 21.2
2964 45.8
2965 45.1
2966 18.9
2967 38.4
2968 79.1
2969 21.7
2970 33.4
2971 53.2
2972 67.9
2973 31.8
2974 49.6
2975 78.7
2976 59.9
2977 36.1
2978 48.4
2979 37.5
2980 62.7
2981 11.9
2982 1.0
2983 51.9
2984 59.0
2985 93.4
2986 25.2
2987 11.9
2988 6.8
2989 22.3
2990 98.2
2991 13.4
2992 33.5
2993 25.9
2994 47.3
2995 61.2
2996 4.4
2997 64.9
2998 3.5
2999 86.7
3000 55.5
3001 91.1
3002 0.3
3003 41.8
3004 79.1
3005 27.1
3006 96.0
3007 10.4
3008 61.2
3009 12.1
3010 29.6
3011 38.7
3012 86.5
3013 67.8
3014 96.1
3015 10.0
3016 46.4
3017 34.9
3018 39.3
3019 58.6
3020 25.5
3021 74.9
3022 36.3
3023 40.4
3024 91.1
3025 27.1
3026 77.2
3027 30.2
3028 1.6
3029 22.9
3030 0.5
3031 19.0
3032 74.8
3033 10.1
3034 20.3
3035 27.6
3036 87.4
3037 3.8
3038 73.8
3039 18.4
3040 50.9
3041 47.4
3042 68.3
3043 36.6
3044 33.4
3045 28.8
3046 65.9
3047 29.7
3048 91.7
3049 17.7
3050 34.8
3051 0.9
3052 21.6
3053 41.2
3054 2.9
3055 83.5
3056 47.5
3057 42.9
3058 1.8
3059 94.3
3060 30.1
3061 11.0
3062 85.2
3063 73.5
3064 4.2
3065 37.0
3066 25.0
3067 14.5
3068 3.5
3069 48.5
3070 75.5
3071 13.7
3072 40.2
3073 96.9
3074 0.9
3075 58.9
3076 22.9
3077 5.6
3078 25.0
3079 67.4
3080 64.7
3081 42.9
3082 46.6
3083 98.4
3084 51.7
3085 14.5
3086 88.6
3087 22.6
3088 42.0
3089 45.1
3090 41.6
3091 93.0
3092 74.4
3093 36.2
3094 97.7
3095 9.1
3096 38.4
3097 10.3
3098 54.2
3099 68.6
3100 42.7
3101 4.2
3102 49.1
3103 92.0
3104 10.4
3105 37.6
3106 4.5
3107 32.1
3108 17.6
3109 30.9
3110 90.0
3111 91.4
3112 16.5
3113 73.6
3114 46.9
3115 11.8
3116 17.6
3117 68.4
3118 20.8
3119 36.9
3120 21.3
3121 67.3
3122 0.5
3123 5.6
3124 0.7
3125 54.6
3126 54.3
3127 20.8
3128 13.5
3129 5.3
3130 56.4
3131 48.8
3132 31.3
3133 31.5
3134 56.5
3135 52.3
3136 87.8
3137 95.7
3138 24.5
3139 17.2
3140 33.7
3141 53.0
3142 65.7
3143 11.6
3144 13.3
3145 7.5
3146 26.9
3147 41.6
3148 24.6
3149 15.4
3150 81.1
3151 5.4
3152 7.2
3153 51.0
3154 53.4
3155 80.0
3156 30.9
3157 19.9
3158 7.0
3159 41.7
3160 5.2
3161 43.3
3162 43.9
3163 30.0
3164 21.3
3165 85.1
3166 44.3
3167 38.8
3168 25.4
3169 24.6
3170 34.2
3171 67.0
3172 78.1
3173 15.1
3174 10.2
3175 85.2
3176 34.7
3177 91.3
3178 15.7
3179 32.2
3180 57.7
3181 25.4
3182 20.5
3183 21.7
3184 17.0
3185 63.1
3186 7.6
3187 30.2
3188 5.7
3189 46.7
3190 4.2
3191 43.4
3192 34.9
3193 34.9
3194 32.4
3195 27.0
3196 17.2
3197 1.2
3198 55.5
3199 38.8
3200 82.4
3201 50.3
3202 32.2
3203 11.2
3204 7.1
3205 30.2
3206 20.5
3207 30.1
3208 58.2
3209 99.8
3210 28.4
3211 6.1
3212 39.6
3213 95.2
3214 88.6
3215 27.1
3216 4.1
3217 6.7
3218 42.9
3219 61.1
3220 1.0
3221 59.2
3222 11.0
3223 90.0
3224 86.7
3225 34.3
3226 76.2
3227 8.0
3228 9.2
3229 17.5
3230 57.7
3231 84.8
3232 27.1
3233 37.7
3234 57.5
3235 44.0
3236 34.8
3237 12.5
3238 18.0
3239 98.5
3240 55.7
3241 63.6
3242 37.6
3243 77.8
3244 93.7
3245 68.3
3246 33.0
3247 28.1
3248 37.8
3249 2.7
3250 96.6
3251 13.2
3252 23.9
3253 33.9
3254 54.7
3255 6.5
3256 58.8
3257 29.9
3258 18.3
3259 82.5
3260 36.5
3261 35.7
3262 51.9
3263 26.3
3264 77.4
3265 40.3
3266 23.4
3267 33.5
3268 29.1
3269 21.0
3270 54.3
3271 62.4
3272 54.1
3273 90.3
3274 40.2
3275 17.9
3276 26.6
3277 34.3
3278 60.8
3279 55.9
3280 89.6
3281 1.0
3282 25.2
3283 33.5
3284 31.8
3285 72.8
3286 64.8
3287 28.5
3288 27.9
3289 19.9
3290 61.4
3291 55.8
3292 61.5
3293 88.7
3294 38.6
3295 58.1
3296 11.3
3297 63.8
3298 24.3
3299 29.9
3300 27.6
3301 90.5
3302 5.9
3303 71.9
3304 32.5
3305 18.6
3306 59.4
3307 13.4
3308 69.7
3309 34.4
3310 83.7
3311 11.4
3312 53.3
3313 16.9
3314 90.3
3315 44.9
3316 93.6
3317 93.3
3318 21.0
3319 10.2
3320 19.8
3321 43.8
3322 84.9
3323 72.5
3324 27.2
3325 25.0
3326 0.5
3327 21.8
3328 67.2
3329 1.1
3330 78.1
3331 30.1
3332 34.2
3333 72.8
3334 23.6
3335 6.1
3336 48.4
3337 31.4
3338 47.5
3339 43.0
3340 56.0
3341 26.4
3342 41.0
3343 68.8
3344 62.9
3345 82.8
3346 37.3
3347 19.9
3348 34.6
3349 21.7
3350 24.1
3351 31.6
3352 38.1
3353 11.2
3354 46.4
3355 60.6
3356 18.1
3357 83.7
3358 28.8
3359 5.4
3360 74.4
3361 25.6
3362 5.4
3363 62.6
3364 0.3
3365 9.7
3366 54.2
3367 44.2
3368 36.6
3369 39.4
3370 46.1
3371 32.4
3372 35.0
3373 1.8
3374 98.2
3375 19.4
3376 7.7
3377 51.2
3378 44.3
3379 23.2
3380 7.3
3381 28.7
3382 11.1
3383 47.4
3384 19.1
3385 35.2
3386 34.8
3387 48.5
3388 59.2
3389 18.0
3390 86.4
3391 5.8
3392 65.2
3393 14.5
3394 98.3
3395 62.6
3396 4.3
3397 80.0
3398 92.4
3399 50.3
3400 39.2
3401 8.8
3402 98.1
3403 43.7
3404 35.7
3405 51.5
3406 8.4
3407 80.1
3408 46.6
3409 15.2
3410 99.5
3411 52.9
3412 31.1
3413 98.9
3414 92.4
3415 2.8
3416 26.5
3417 11.9
3418 35.6
3419 22.2
3420 90.4
3421 32.0
3422 46.1
3423 24.5
3424 6.5
3425 3.0
3426 26.9
3427 88.2
3428 79.0
3429 15.3
3430 32.4
3431 38.6
3432 95.6
3433 53.9
3434 18.9
3435 1.8
3436 64.9
3437 24.1
3438 38.6
3439 33.1
3440 4.4
3441 35.5
3442 16.4
3443 56.5
3444 13.2
3445 93.8
3446 45.5
3447 7.4
3448 38.1
3449 40.2
3450 13.2
3451 18.4
3452 85.0
3453 10.1
3454 98.7
3455 75.3
3456 74.5
3457 48.4
3458 54.2
3459 17.3
3460 56.4
3461 54.0
3462 34.7
3463 71.9
3464 17.9
3465 25.3
3466 74.7
3467 39.3
3468 37.4
3469 22.5
3470 93.8
3471 8.1
3472 5.3
3473 25.4
3474 49.0
3475 41.9
3476 13.9
3477 39.6
3478 44.8
3479 33.4
3480 90.0
3481 95.4
3482 22.8
3483 14.2
3484 53.1
3485 25.3
3486 72.6
3487 20.2
3488 33.4
3489 1.4
3490 49.8
3491 89.5
3492 26.7
3493 9.9
3494 73.4
3495 29.3
3496 26.3
3497 38.4
3498 49.3
3499 23.2
3500 36.4
3501 35.0
3502 29.2
3503 72.6
3504 87.5
3505 21.5
3506 36.2
3507 66.3
3508 14.0
3509 21.2
3510 73.2
3511 56.8
3512 10.7
3513 49.4
3514 54.4
3515 33.1
3516 31.4
3517 45.3
3518 98.7
3519 38.2
3520 47.4
3521 86.2
3522 12.8
3523 88.6
3524 89.0
3525 36.4
3526 37.5
3527 2.1
3528 23.1
3529 37.9
3530 23.7
3531 17.8
3532 13.4
3533 16.7
3534 27.1
3535 49.9
3536 41.8
3537 23.6
3538 9.3
3539 54.3
3540 71.4
3541 33.8
3542 63.1
3543 90.4
3544 49.2
3545 26.3
3546 55.9
3547 39.3
3548 11.4
3549 43.3
3550 55.1
3551 98.5
3552 31.0
3553 31.1
3554 7.2
3555 37.4
3556 31.6
3557 37.6
3558 64.7
3559 36.3
3560 18.6
3561 80.7
3562 60.5
3563 23.3
3564 5.8
3565 30.3
3566 34.7
3567 20.6
3568 31.4
3569 33.4
3570 23.2
3571 12.8
3572 97.0
3573 28.8
3574 34.1
3575 25.4
3576 26.5
3577 36.1
3578 29.1
3579 45.3
3580 34.1
3581 18.1
3582 96.3
3583 74.4
3584 29.2
3585 34.4
3586 50.1
3587 52.5
3588 78.4
3589 26.6
3590 37.8
3591 72.4
3592 60.3
3593 25.4
3594 63.3
3595 23.0
3596 99.6
3597 48.4
3598 38.8
3599 23.3
3600 39.5
3601 28.1
3602 13.0
3603 81.2
3604 87.6
3605 53.0
3606 40.3
3607 64.4
3608 44.7
3609 16.0
3610 19.9
3611 45.8
3612 4.3
3613 82.4
3614 20.9
3615 11.2
3616 59.6
3617 40.3
3618 32.3
3619 58.8
3620 99.3
3621 44.8
3622 67.7
3623 14.8
3624 43.2
3625 98.3
3626 24.6
3627 90.1
3628 6.6
3629 15.4
3630 89.4
3631 16.8
3632 15.6
3633 8.2
3634 62.2
3635 82.8
3636 81.8
3637 34.2
3638 20.8
3639 13.6
3640 17.5
3641 23.8
3642 32.4
3643 16.5
3644 63.7
3645 56.7
3646 45.2
3647 24.5
3648 10.4
3649 27.2
3650 8.4
3651 5.4
3652 16.9
3653 52.3
3654 25.4
3655 38.2
3656 50.1
3657 8.6
3658 39.4
3659 45.3
3660 22.7
3661 87.0
3662 53.1
3663 15.4
3664 44.1
3665 31.1
3666 35.0
3667 93.4
3668 38.4
3669 94.0
3670 92.2
3671 41.9
3672 28.7
3673 44.9
3674 56.5
3675 15.8
3676 39.2
3677 8.0
3678 12.7
3679 7.5
3680 41.8
3681 45.0
3682 27.0
3683 36.7
3684 6.8
3685 47.4
3686 36.4
3687 11.9
3688 32.7
3689 9.1
3690 30.9
3691 31.5
3692 39.0
3693 61.1
3694 42.2
3695 46.7
3696 30.5
3697 0.3
3698 12.1
3699 13.1
3700 92.6
3701 67.0
3702 71.6
3703 30.2
3704 99.4
3705 21.5
3706 80.2
3707 58.0
3708 36.0
3709 29.4
3710 87.3
3711 20.7
3712 93.8
3713 29.2
3714 19.1
3715 56.1
3716 33.4
3717 10.5
3718 45.6
3719 40.4
3720 11.7
3721 99.6
3722 43.8
3723 17.6
3724 55.6
3725 39.2
3726 40.3
3727 24.9
3728 19.4
3729 20.7
3730 11.6
3731 54.5
3732 29.0
3733 27.1
3734 39.8
3735 61.4
3736 92.9
3737 56.9
3738 49.4
3739 88.7
3740 72.6
3741 34.4
3742 93.1
3743 84.0
3744 47.6
3745 77.3
3746 62.7
3747 49.7
3748 25.0
3749 33.4
3750 90.8
3751 25.0
3752 53.0
3753 47.6
3754 48.2
3755 29.8
3756 33.2
3757 39.2
3758 24.8
3759 68.2
3760 52.7
3761 40.8
3762 37.7
3763 45.0
3764 54.0
3765 43.4
3766 38.3
3767 23.3
3768 95.6
3769 66.8
3770 93.7
3771 3.1
3772 34.9
3773 11.9
3774 86.5
3775 19.5
3776 37.8
3777 69.6
3778 51.2
3779 99.9
3780 27.5
3781 12.3
3782 27.1
3783 30.7
3784 49.1
3785 30.0
3786 5.6
3787 92.3
3788 11.7
3789 50.8
3790 77.8
3791 91.3
3792 53.1
3793 36.0
3794 50.7
3795 18.4
3796 66.4
3797 33.4
3798 64.1
3799 15.4
3800 44.4
3801 75.0
3802 89.1
3803 35.7
3804 3.5
3805 65.8
3806 9.6
3807 23.1
3808 35.0
3809 62.8
3810 16.6
3811 13.9
3812 13.2
3813 48.5
3814 17.0
3815 39.1
3816 1.1
3817 87.3
3818 43.4
3819 93.0
3820 53.6
3821 50.8
3822 52.2
3823 43.7
3824 21.2
3825 14.6
3826 39.1
3827 41.8
3828 12.9
3829 49.2
3830 75.6
3831 24.1
3832 38.2
3833 59.6
3834 69.0
3835 60.3
3836 28.9
3837 70.3
3838 98.0
3839 39.0
3840 10.0
3841 38.6
3842 78.9
3843 43.8
3844 42.5
3845 14.4
3846 53.6
3847 32.3
3848 93.0
3849 44.2
3850 82.7
3851 7.9
3852 93.4
3853 7.9
3854 26.2
3855 79.8
3856 11.6
3857 8.3
3858 32.8
3859 52.7
3860 35.4
3861 1.9
3862 96.2
3863 53.1
3864 9.3
3865 91.4
3866 47.8
3867 17.4
3868 8.7
3869 30.4
3870 8.3
3871 5.5
3872 64.9
3873 20.8
3874 56.6
3875 16.0
3876 82.7
3877 5.3
3878 85.6
3879 84.3
3880 48.3
3881 55.1
3882 13.7
3883 47.6
3884 36.3
3885 21.6
3886 86.8
3887 15.4
3888 32.7
3889 6.0
3890 17.0
3891 9.5
3892 19.0
3893 13.5
3894 16.7
3895 34.1
3896 24.8
3897 8.0
3898 49.3
3899 57.0
3900 44.0
3901 5.8
3902 19.5
3903 51.8
3904 34.9
3905 23.9
3906 72.4
3907 75.0
3908 26.7
3909 78.7
3910 6.3
3911 6.4
3912 19.4
3913 13.7
3914 2.9
3915 26.5
3916 36.4
3917 15.5
3918 89.5
3919 14.9
3920 44.1
3921 8.8
3922 26.4
3923 13.9
3924 91.6
3925 59.5
3926 96.9
3927 29.2
3928 49.4
3929 5.0
3930 83.9
3931 18.6
3932 41.1
3933 7.6
3934 9.3
3935 65.1
3936 1.7
3937 73.8
3938 8.3
3939 53.3
3940 97.1
3941 11.1
3942 22.0
3943 23.1
3944 10.4
3945 30.6
3946 94.1
3947 12.9
3948 9.7
3949 34.1
3950 37.8
3951 47.5
3952 0.4
3953 15.0
3954 9.9
3955 62.6
3956 34.6
3957 38.9
3958 53.6
3959 32.1
3960 29.7
3961 25.3
3962 0.9
3963 11.1
3964 3.7
3965 1.0
3966 94.4
3967 13.5
3968 46.4
3969 51.8
3970 85.4
3971 8.6
3972 10.6
3973 31.7
3974 7.5
3975 97.2
3976 52.9
3977 72.2
3978 45.4
3979 91.3
3980 29.8
3981 57.8
3982 13.0
3983 99.1
3984 43.2
3985 35.1
3986 73.5
3987 30.5
3988 24.9
3989 49.7
3990 95.9
3991 23.1
3992 40.9
3993 28.6
3994 65.1
3995 43.9
3996 58.9
3997 11.3
3998 94.0
3999 36.2
4000 25.2
4001 13.1
4002 35.6
4003 69.9
4004 28.2
4005 67.8
4006 84.8
4007 32.5
4008 23.0
4009 20.7
4010 35.9
4011 56.7
4012 74.0
4013 23.8
4014 23.7
4015 45.7
4016 4.8
4017 59.2
4018 28.3
4019 13.2
4020 85.9
4021 90.7
4022 32.7
4023 39.6
4024 24.2
4025 29.6
4026 44.6
4027 40.1
4028 20.8
4029 25.4
4030 47.0
4031 69.5
4032 42.2
4033 5.9
4034 22.8
4035 13.5
4036 53.4
4037 5.7
4038 49.1
4039 29.1
4040 94.3
4041 5.1
4042 21.2
4043 32.0
4044 7.2
4045 37.1
4046 54.2
4047 8.9
4048 99.7
4049 52.2
4050 2.5
4051 37.6
4052 23.1
4053 78.7
4054 37.8
4055 48.1
4056 3.2
4057 76.6
4058 84.1
4059 13.3
4060 24.9
4061 29.3
4062 21.2
4063 58.9
4064 31.7
4065 27.6
4066 14.0
4067 18.3
4068 12.0
4069 50.2
4070 99.7
4071 29.5
4072 33.2
4073 96.0
4074 14.0
4075 56.1
4076 25.5
4077 23.9
4078 57.2
4079 36.1
4080 13.6
4081 66.8
4082 49.0
4083 77.7
4084 18.7
4085 56.8
4086 28.7
4087 60.3
4088 13.5
4089 22.0
4090 27.2
4091 89.6
4092 66.4
4093 73.4
4094 57.2
4095 21.0
4096 45.2
4097 8.6
4098 15.0
4099 31.7
4100 54.6
4101 59.3
4102 34.3
4103 25.5
4104 39.4
4105 7.4
4106 87.7
4107 99.5
4108 58.4
4109 35.0
4110 45.4
4111 25.1
4112 22.2
4113 47.6
4114 18.0
4115 88.3
4116 4.2
4117 89.2
4118 5.6
4119 25.5
4120 94.8
4121 10.4
4122 6.2
4123 12.5
4124 20.0
4125 33.2
4126 91.2
4127 23.4
4128 81.4
4129 78.8
4130 58.8
4131 40.3
4132 10.7
4133 6.2
4134 16.6
4135 94.2
4136 67.7
4137 3.2
4138 30.2
4139 35.3
4140 93.3
4141 34.8
4142 18.5
4143 58.6
4144 43.9
4145 41.4
4146 20.1
4147 24.5
4148 53.3
4149 36.9
4150 37.9
4151 13.2
4152 83.2
4153 88.4
4154 43.9
4155 27.8
4156 16.3
4157 38.0
4158 33.1
4159 15.0
4160 85.4
4161 51.8
4162 12.9
4163 15.5
4164 6.8
4165 47.2
4166 39.4
4167 30.1
4168 48.0
4169 25.3
4170 38.7
4171 30.8
4172 42.5
4173 3.1
4174 5.6
4175 39.2
4176 32.9
4177 38.1
4178 4.3
4179 44.8
4180 68.8
4181 30.2
4182 22.3
4183 14.5
4184 99.4
4185 42.3
4186 27.4
4187 21.9
4188 32.5
4189 52.3
4190 11.5
4191 40.3
4192 11.0
4193 47.2
4194 24.9
4195 43.1
4196 48.7
4197 30.7
4198 5.5
4199 96.9
4200 40.6
4201 20.4
4202 35.5
4203 38.4
4204 1.4
4205 37.1
4206 50.6
4207 47.9
4208 20.9
4209 61.4
4210 60.5
4211 77.7
4212 12.7
4213 9.7
4214 30.7
4215 39.5
4216 47.8
4217 31.2
4218 98.9
4219 89.4
4220 56.9
4221 11.2
4222 76.9
4223 63.0
4224 87.9
4225 27.0
4226 20.2
4227 48.2
4228 63.8
4229 99.6
4230 89.3
4231 87.0
4232 23.6
4233 49.5
4234 22.2
4235 34.9
4236 85.2
4237 38.7
4238 78.8
4239 27.0
4240 36.6
4241 53.4
4242 87.7
4243 4.6
4244 26.0
4245 28.7
4246 10.2
4247 7.8
4248 49.2
4249 27.2
4250 25.5
4251 51.5
4252 88.1
4253 23.9
4254 13.8
4255 20.9
4256 25.4
4257 81.9
4258 41.0
4259 43.1
4260 96.8
4261 71.2
4262 42.5
4263 22.4
4264 81.2
4265 34.4
4266 35.0
4267 39.7
4268 24.1
4269 70.5
4270 39.4
4271 16.6
4272 23.3
4273 29.0
4274 62.2
4275 72.0
4276 44.0
4277 59.7
4278 80.7
4279 7.5
4280 10.4
4281 96.1
4282 25.2
4283 7.8
4284 10.0
4285 22.9
4286 74.0
4287 17.6
4288 6.7
4289 47.0
4290 9.5
4291 43.7
4292 35.3
4293 22.2
4294 28.8
4295 46.0
4296 7.0
4297 48.0
4298 29.4
4299 21.1
4300 29.4
4301 11.2
4302 24.4
4303 3.8
4304 35.2
4305 2.9
4306 58.2
4307 15.8
4308 73.9
4309 46.2
4310 42.4
4311 76.6
4312 12.7
4313 12.6
4314 46.8
4315 42.5
4316 11.8
4317 98.5
4318 47.8
4319 15.4
4320 20.9
4321 90.0
4322 96.5
4323 85.1
4324 25.7
4325 45.5
4326 36.3
4327 68.9
4328 84.9
4329 7.2
4330 46.9
4331 23.0
4332 93.8
4333 99.5
4334 85.3
4335 4.6
4336 93.5
4337 5.8
4338 84.5
4339 97.9
4340 28.2
4341 82.0
4342 38.1
4343 24.5
4344 6.7
4345 54.2
4346 15.4
4347 28.7
4348 3.9
4349 70.1
4350 35.4
4351 19.8
4352 33.8
4353 23.1
4354 95.2
4355 7.9
4356 30.1
4357 23.7
4358 52.5
4359 28.4
4360 39.0
4361 3.8
4362 5.1
4363 63.2
4364 96.4
4365 58.1
4366 80.9
4367 6.9
4368 58.4
4369 89.9
4370 13.7
4371 59.8
4372 3.2
4373 24.4
4374 27.0
4375 52.3
4376 5.1
4377 60.3
4378 73.9
4379 21.0
4380 23.7
4381 39.8
4382 46.6
4383 3.8
4384 71.6
4385 37.6
4386 27.3
4387 59.2
4388 31.8
4389 97.2
4390 5.8
4391 58.4
4392 18.5
4393 46.6
4394 45.0
4395 6.5
4396 23.0
4397 23.6
4398 35.0
4399 59.7
4400 47.6
4401 35.6
4402 41.2
4403 72.3
4404 54.0
4405 52.1
4406 21.1
4407 38.6
4408 14.6
4409 4.6
4410 13.0
4411 43.9
4412 29.6
4413 44.8
4414 43.6
4415 34.5
4416 49.5
4417 2.2
4418 24.0
4419 5.1
4420 89.1
4421 3.1
4422 50.5
4423 29.8
4424 19.7
4425 16.0
4426 71.0
4427 40.1
4428 39.5
4429 97.3
4430 22.9
4431 82.1
4432 79.8
4433 12.7
4434 33.8
4435 33.8
4436 31.3
4437 27.9
4438 22.7
4439 93.9
4440 32.4
4441 15.6
4442 63.3
4443 12.3
4444 43.8
4445 41.3
4446 34.8
4447 96.1
4448 14.4
4449 74.2
4450 24.7
4451 85.1
4452 54.9
4453 15.2
4454 5.2
4455 42.3
4456 95.9
4457 74.0
4458 69.8
4459 1.0
4460 12.1
4461 30.0
4462 56.5
4463 49.3
4464 43.3
4465 32.6
4466 26.2
4467 36.5
4468 58.1
4469 2.9
4470 73.4
4471 92.3
4472 46.6
4473 60.7
4474 69.9
4475 30.3
4476 90.1
4477 17.0
4478 76.1
4479 51.6
4480 14.4
4481 7.6
4482 12.6
4483 36.8
4484 23.9
4485 21.1
4486 77.4
4487 59.5
4488 14.2
4489 46.4
4490 36.1
4491 14.2
4492 21.6
4493 69.1
4494 34.9
4495 38.9
4496 9.1
4497 75.5
4498 11.4
4499 41.4
4500 47.3
4501 5.8
4502 11.9
4503 40.2
4504 5.6
4505 90.9
4506 12.2
4507 30.8
4508 3.2
4509 90.8
4510 12.7
4511 45.4
4512 99.6
4513 5.4
4514 39.9
4515 51.9
4516 78.0
4517 3.3
4518 89.0
4519 36.8
4520 7.3
4521 39.7
4522 96.4
4523 10.0
4524 89.7
4525 25.2
4526 7.1
4527 25.6
4528 19.1
4529 72.9
4530 86.8
4531 20.1
4532 91.5
4533 22.3
4534 83.8
4535 59.5
4536 13.2
4537 49.3
4538 8.6
4539 36.3
4540 77.1
4541 42.4
4542 40.0
4543 48.4
4544 57.3
4545 10.0
4546 6.4
4547 76.6
4548 77.9
4549 1.6
4550 22.6
4551 61.0
4552 59.3
4553 55.8
4554 0.5
4555 16.4
4556 30.8
4557 95.5
4558 65.8
4559 99.9
4560 16.8
4561 55.3
4562 32.8
4563 79.6
4564 44.5
4565 35.3
4566 59.3
4567 41.2
4568 85.9
4569 63.7
4570 24.0
4571 0.1
4572 81.9
4573 21.0
4574 87.0
4575 30.2
4576 17.2
4577 84.3
4578 96.0
4579 22.9
4580 95.6
4581 38.7
4582 40.3
4583 75.7
4584 45.4
4585 55.1
4586 53.0
4587 35.8
4588 6.4
4589 40.4
4590 51.8
4591 42.4
4592 31.7
4593 97.8
4594 52.4
4595 60.3
4596 53.4
4597 97.0
4598 81.2
4599 53.6
4600 33.1
4601 12.5
4602 0.8
4603 11.4
4604 93.0
4605 34.9
4606 26.4
4607 28.9
4608 10.0
4609 94.9
4610 13.5
4611 12.4
4612 15.7
4613 70.3
4614 8.9
4615 35.5
4616 18.7
4617 52.9
4618 23.9
4619 70.9
4620 41.0
4621 41.9
4622 5.2
4623 1.3
4624 42.4
4625 4.5
4626 33.4
4627 94.4
4628 11.4
4629 64.6
4630 0.3
4631 45.7
4632 33.2
4633 36.0
4634 28.8
4635 32.1
4636 47.0
4637 11.4
4638 12.3
4639 34.2
4640 48.0
4641 53.2
4642 54.6
4643 88.4
4644 23.3
4645 41.3
4646 10.8
4647 41.3
4648 39.6
4649 48.1
4650 44.0
4651 65.5
4652 72.1
4653 47.0
4654 18.8
4655 62.7
4656 26.3
4657 49.1
4658 17.6
4659 58.9
4660 62.6
4661 70.3
4662 49.4
4663 98.6
4664 24.0
4665 33.6
4666 97.3
4667 6.4
4668 51.7
4669 57.3
4670 36.8
4671 88.0
4672 56.4
4673 25.9
4674 23.0
4675 64.5
4676 27.4
4677 68.3
4678 24.4
4679 79.1
4680 30.3
4681 72.3
4682 0.9
4683 86.8
4684 99.0
4685 6.3
4686 99.3
4687 21.1
4688 77.3
4689 70.1
4690 96.9
4691 43.0
4692 17.9
4693 90.6
4694 30.5
4695 71.4
4696 47.5
4697 49.4
4698 73.1
4699 53.6
4700 89.8
4701 19.6
4702 69.2
4703 33.5
4704 97.6
4705 4.1
4706 20.9
4707 63.0
4708 52.0
4709 5.8
4710 20.8
4711 26.3
4712 81.7
4713 28.5
4714 16.6
4715 84.8
4716 38.1
4717 42.3
4718 48.4
4719 51.3
4720 99.4
4721 45.9
4722 52.7
4723 46.6
4724 89.1
4725 38.1
4726 3.0
4727 68.8
4728 76.7
4729 80.9
4730 58.2
4731 54.3
4732 46.5
4733 16.0
4734 35.3
4735 3.7
4736 17.3
4737 62.5
4738 0.3
4739 8.1
4740 9.9
4741 96.1
4742 80.5
4743 20.2
4744 66.8
4745 95.3
4746 14.0
4747 91.7
4748 51.6
4749 0.4
4750 30.0
4751 44.6
4752 17.7
4753 18.8
4754 26.8
4755 49.9
4756 63.8
4757 18.7
4758 58.0
4759 5.2
4760 3.8
4761 26.5
4762 72.8
4763 74.5
4764 60.5
4765 92.6
4766 27.0
4767 15.5
4768 36.8
4769 23.3
4770 7.6
4771 58.3
4772 31.3
4773 90.7
4774 53.8
4775 94.7
4776 21.6
4777 0.5
4778 44.0
4779 10.1
4780 16.8
4781 30.5
4782 29.9
4783 12.0
4784 24.4
4785 85.7
4786 47.8
4787 88.6
4788 4.5
4789 45.6
4790 12.8
4791 47.2
4792 30.8
4793 46.9
4794 13.3
4795 33.5
4796 28.7
4797 72.2
4798 20.8
4799 47.0
4800 41.0
4801 10.5
4802 45.4
4803 92.9
4804 34.2
4805 36.8
4806 49.1
4807 26.9
4808 7.2
4809 23.7
4810 13.9
4811 5.2
4812 56.0
4813 94.7
4814 24.3
4815 10.7
4816 11.2
4817 50.9
4818 38.1
4819 44.9
4820 69.9
4821 37.8
4822 25.7
4823 98.0
4824 35.7
4825 3.2
4826 24.3
4827 55.0
4828 33.3
4829 38.4
4830 46.9
4831 51.1
4832 27.9
4833 9.5
4834 35.5
4835 87.6
4836 90.2
4837 35.7
4838 11.8
4839 8.9
4840 50.6
4841 4.6
4842 10.4
4843 7.0
4844 43.7
4845 92.2
4846 72.9
4847 14.0
4848 18.5
4849 51.7
4850 79.9
4851 62.4
4852 79.9
4853 90.8
4854 80.7
4855 51.4
4856 52.6
4857 6.2
4858 54.8
4859 43.9
4860 33.4
4861 8.9
4862 8.3
4863 20.4
4864 86.8
4865 8.9
4866 3.8
4867 92.6
4868 10.5
4869 43.0
4870 41.1
4871 50.2
4872 23.2
4873 37.6
4874 81.8
4875 85.2
4876 44.2
4877 58.2
4878 18.0
4879 76.4
4880 8.7
4881 71.3
4882 84.8
4883 4.5
4884 52.8
4885 57.3
4886 92.9
4887 27.0
4888 38.2
4889 95.0
4890 78.7
4891 47.5
4892 24.6
4893 6.1
4894 2.8
4895 42.1
4896 2.5
4897 32.9
4898 49.2
4899 64.6
4900 31.0
4901 68.7
4902 58.9
4903 30.6
4904 2.6
4905 43.7
4906 23.1
4907 34.1
4908 10.9
4909 99.7
4910 6.3
4911 3.6
4912 60.7
4913 46.4
4914 36.6
4915 15.2
4916 7.6
4917 53.5
4918 34.0
4919 64.4
4920 5.4
4921 26.7
4922 5.1
4923 41.9
4924 19.9
4925 30.8
4926 51.8
4927 60.6
4928 53.4
4929 23.6
4930 56.7
4931 10.5
4932 51.7
4933 37.2
4934 30.9
4935 12.0
4936 37.5
4937 54.4
4938 56.2
4939 29.0
4940 84.2
4941 52.4
4942 93.2
4943 58.1
4944 70.8
4945 56.1
4946 67.0
4947 15.6
4948 9.9
4949 23.3
4950 89.9
4951 28.5
4952 32.9
4953 2.5
4954 45.6
4955 22.4
4956 41.1
4957 67.7
4958 8.1
4959 80.9
4960 16.4
4961 57.8
4962 57.1
4963 43.0
4964 7.4
4965 95.2
4966 54.7
4967 55.6
4968 28.7
4969 10.8
4970 95.2
4971 72.1
4972 58.3
4973 8.3
4974 19.3
4975 11.0
4976 78.5
4977 24.8
4978 23.7
4979 29.1
4980 23.6
4981 43.1
4982 98.6
4983 63.6
4984 55.1
4985 37.2
4986 54.4
4987 6.6
4988 57.5
4989 78.7
4990 38.9
4991 93.7
4992 94.4
4993 10.7
4994 49.3
4995 22.0
4996 86.8
4997 12.8
4998 44.0
4999 96.1
5000 35.3
5001 4.8
5002 23.9
5003 36.7
5004 39.9
5005 27.1
5006 28.1
5007 24.0
5008 29.9
5009 36.7
5010 5.9
5011 97.2
5012 22.1
5013 96.2
5014 88.1
5015 77.5
5016 75.3
5017 38.2
5018 62.9
5019 31.3
5020 16.5
5021 41.1
5022 27.2
5023 10.3
5024 1.6
5025 38.1
5026 82.7
5027 10.6
5028 29.8
5029 84.4
5030 26.8
5031 38.2
5032 13.3
5033 20.2
5034 20.5
5035 43.7
5036 33.6
5037 37.4
5038 35.0
5039 78.1
5040 75.6
5041 37.4
5042 50.9
5043 7.3
5044 22.3
5045 82.0
5046 24.9
5047 85.5
5048 66.2
5049 0.8
5050 27.2
5051 67.6
5052 76.1
5053 62.9
5054 35.2
5055 15.8
5056 27.3
5057 19.3
5058 22.5
5059 88.4
5060 18.1
5061 6.0
5062 40.8
5063 9.1
5064 61.4
5065 37.6
5066 85.4
5067 48.8
5068 1.1
5069 28.0
5070 26.5
5071 91.4
5072 30.4
5073 27.0
5074 50.5
5075 81.2
5076 28.7
5077 11.6
5078 22.4
5079 26.4
5080 27.2
5081 12.4
5082 59.3
5083 33.5
5084 42.9
5085 32.1
5086 35.1
5087 5.9
5088 14.4
5089 99.0
5090 28.0
5091 9.5
5092 58.1
5093 11.1
5094 19.8
5095 40.6
5096 62.5
5097 34.4
5098 11.2
5099 82.3
5100 6.9
5101 20.9
5102 52.3
5103 47.3
5104 4.1
5105 46.2
5106 86.5
5107 45.4
5108 43.6
5109 87.4
5110 0.3
5111 29.6
5112 0.4
5113 21.8
5114 22.1
5115 23.6
5116 41.5
5117 39.3
5118 55.8
5119 50.2
5120 25.4
5121 26.4
5122 2.5
5123 81.7
5124 38.3
5125 43.9
5126 2.6
5127 48.6
5128 32.9
5129 54.4
5130 90.7
5131 42.6
5132 51.2
5133 4.4
5134 19.6
5135 9.1
5136 29.4
5137 11.4
5138 49.5
5139 28.1
5140 28.3
5141 12.9
5142 32.4
5143 41.8
5144 50.5
5145 4.6
5146 88.9
5147 33.6
5148 12.1
5149 96.9
5150 41.2
5151 23.6
5152 28.8
5153 34.7
5154 11.8
5155 2.8
5156 23.5
5157 3.0
5158 80.4
5159 20.2
5160 38.5
5161 23.7
5162 30.6
5163 14.0
5164 52.4
5165 26.3
5166 96.4
5167 54.0
5168 8.4
5169 10.1
5170 82.6
5171 90.8
5172 0.7
5173 8.2
5174 72.4
5175 1.3
5176 84.3
5177 86.7
5178 64.1
5179 50.8
5180 14.1
5181 68.7
5182 61.6
5183 15.7
5184 5.4
5185 23.7
5186 13.8
5187 40.3
5188 34.7
5189 90.4
5190 18.9
5191 64.2
5192 23.8
5193 32.8
5194 99.3
5195 25.4
5196 1.2
5197 55.0
5198 12.1
5199 63.9
5200 94.8
5201 42.6
5202 29.4
5203 96.0
5204 14.0
5205 82.4
5206 45.5
5207 40.4
5208 10.0
5209 12.0
5210 78.3
5211 42.7
5212 17.3
5213 25.3
5214 86.3
5215 44.6
5216 15.6
5217 8.5
5218 67.0
5219 90.5
5220 2.7
5221 24.3
5222 16.7
5223 17.6
5224 43.1
5225 65.4
5226 50.7
5227 41.0
5228 22.2
5229 89.9
5230 45.5
5231 91.9
5232 93.0
5233 40.1
5234 43.7
5235 0.7
5236 19.0
5237 17.7
5238 61.3
5239 12.9
5240 23.2
5241 10.8
5242 7.6
5243 9.8
5244 28.8
5245 17.3
5246 70.6
5247 9.0
5248 44.8
5249 57.5
5250 14.6
5251 95.2
5252 94.7
5253 13.8
5254 21.8
5255 39.7
5256 44.6
5257 27.1
5258 9.1
5259 28.5
5260 7.0
5261 36.8
5262 9.1
5263 19.0
5264 81.9
5265 48.1
5266 59.2
5267 10.9
5268 29.3
5269 15.6
5270 2.4
5271 44.8
5272 6.0
5273 16.0
5274 96.8
5275 48.2
5276 36.8
5277 95.1
5278 23.9
5279 11.9
5280 25.3
5281 34.0
5282 96.4
5283 96.8
5284 94.2
5285 17.0
5286 99.5
5287 39.7
5288 20.2
5289 22.6
5290 26.0
5291 96.2
5292 92.2
5293 56.4
5294 30.4
5295 11.7
5296 15.3
5297 35.0
5298 99.8
5299 44.4
5300 67.2
5301 17.3
5302 18.9
5303 84.6
5304 11.9
5305 66.5
5306 54.1
5307 51.3
5308 92.4
5309 6.1
5310 41.6
5311 52.1
5312 38.4
5313 0.2
5314 11.1
5315 15.3
5316 30.6
5317 81.4
5318 48.8
5319 52.9
5320 81.7
5321 32.6
5322 29.1
5323 10.5
5324 10.6
5325 48.3
5326 17.4
5327 23.0
5328 21.2
5329 2.1
5330 22.0
5331 57.3
5332 98.9
5333 21.0
5334 79.0
5335 62.3
5336 11.2
5337 61.2
5338 12.1
5339 61.4
5340 85.1
5341 47.0
5342 88.2
5343 14.5
5344 67.8
5345 5.6
5346 21.6
5347 4.8
5348 11.7
5349 13.9
5350 23.0
5351 38.8
5352 51.1
5353 90.1
5354 16.7
5355 12.1
5356 40.0
5357 2.2
5358 28.2
5359 61.6
5360 95.6
5361 50.7
5362 26.7
5363 23.9
5364 25.2
5365 8.4
5366 71.5
5367 42.5
5368 29.0
5369 23.9
5370 64.2
5371 48.6
5372 4.8
5373 13.2
5374 64.7
5375 19.9
5376 33.2
5377 19.2
5378 16.2
5379 81.8
5380 17.8
5381 90.0
5382 21.4
5383 92.9
5384 59.3
5385 1.0
5386 41.9
5387 27.0
5388 51.7
5389 14.0
5390 5.7
5391 24.1
5392 13.8
5393 97.9
5394 60.8
5395 32.7
5396 93.2
5397 29.3
5398 11.1
5399 3.5
5400 73.6
5401 40.6
5402 42.7
5403 46.9
5404 78.0
5405 27.6
5406 52.3
5407 0.0
5408 20.4
5409 18.2
5410 47.3
5411 60.4
5412 70.4
5413 84.8
5414 39.0
5415 47.5
5416 34.0
5417 51.5
5418 32.0
5419 50.1
5420 9.1
5421 10.4
5422 55.8
5423 35.3
5424 53.8
5425 33.8
5426 31.5
5427 17.3
5428 21.4
5429 94.2
5430 44.1
5431 17.1
5432 49.5
5433 8.1
5434 37.7
5435 25.2
5436 47.1
5437 16.1
5438 63.9
5439 38.2
5440 86.5
5441 56.3
5442 6.7
5443 40.5
5444 33.4
5445 76.6
5446 18.7
5447 21.9
5448 40.3
5449 65.2
5450 35.7
5451 47.3
5452 35.8
5453 52.9
5454 41.4
5455 74.4
5456 95.6
5457 38.7
5458 88.2
5459 35.6
5460 40.4
5461 80.5
5462 1.9
5463 6.1
5464 38.4
5465 55.8
5466 47.1
5467 24.6
5468 33.0
5469 10.1
5470 86.1
5471 99.9
5472 41.3
5473 40.1
5474 92.4
5475 2.9
5476 41.2
5477 64.8
5478 29.2
5479 33.2
5480 20.5
5481 17.1
5482 57.7
5483 47.3
5484 44.2
5485 35.3
5486 85.0
5487 91.9
5488 82.9
5489 21.5
5490 15.5
5491 35.4
5492 26.3
5493 18.0
5494 0.7
5495 89.5
5496 34.3
5497 88.4
5498 37.0
5499 62.9
5500 26.5
5501 32.4
5502 8.9
5503 35.6
5504 21.7
5505 89.0
5506 54.3
5507 12.5
5508 36.1
5509 83.5
5510 98.7
5511 76.8
5512 98.8
5513 89.8
5514 18.4
5515 34.5
5516 61.7
5517 51.2
5518 6.9
5519 42.3
5520 91.9
5521 17.5
5522 17.0
5523 40.2
5524 62.5
5525 98.7
5526 49.8
5527 86.7
5528 17.9
5529 31.2
5530 36.2
5531 40.6
5532 3.6
5533 96.0
5534 94.9
5535 45.3
5536 43.5
5537 97.8
5538 41.8
5539 37.8
5540 38.0
5541 36.3
5542 34.0
5543 30.5
5544 32.0
5545 11.6
5546 54.7
5547 28.3
5548 15.0
5549 11.8
5550 31.0
5551 77.8
5552 17.3
5553 25.5
5554 44.7
5555 97.5
5556 55.0
5557 31.3
5558 27.8
5559 22.6
5560 28.0
5561 21.0
5562 8.6
5563 69.6
5564 22.1
5565 20.9
5566 13.6
5567 32.3
5568 19.0
5569 36.9
5570 33.5
5571 20.8
5572 70.9
5573 2.6
5574 81.5
5575 29.2
5576 22.2
5577 30.7
5578 59.2
5579 28.5
5580 47.1
5581 93.2
5582 78.8
5583 4.4
5584 9.0
5585 25.0
5586 27.1
5587 46.6
5588 7.0
5589 22.4
5590 48.1
5591 65.3
5592 0.0
5593 16.0
5594 19.0
5595 23.2
5596 80.6
5597 36.6
5598 1.2
5599 20.0
5600 16.5
5601 39.6
5602 95.5
5603 19.2
5604 16.9
5605 38.4
5606 38.7
5607 36.1
5608 44.7
5609 30.1
5610 99.5
5611 47.3
5612 28.4
5613 13.9
5614 44.1
5615 41.7
5616 95.2
5617 39.0
5618 24.2
5619 36.7
5620 84.6
5621 26.4
5622 12.7
5623 13.1
5624 97.7
5625 7.9
5626 28.1
5627 74.1
5628 30.0
5629 42.9
5630 9.3
5631 9.1
5632 16.3
5633 46.8
5634 62.8
5635 46.8
5636 6.9
5637 56.8
5638 46.8
5639 60.7
5640 86.3
5641 18.2
5642 42.5
5643 29.7
5644 17.2
5645 6.4
5646 72.4
5647 72.2
5648 23.6
5649 31.1
5650 95.1
5651 43.6
5652 21.7
5653 34.9
5654 87.0
5655 43.7
5656 53.4
5657 97.0
5658 42.0
5659 4.2
5660 11.2
5661 28.6
5662 84.7
5663 21.4
5664 3.4
5665 70.9
5666 28.8
5667 45.8
5668 96.8
5669 20.8
5670 7.2
5671 23.4
5672 19.4
5673 37.7
5674 77.4
5675 23.2
5676 20.8
5677 63.5
5678 52.9
5679 42.6
5680 48.5
5681 36.4
5682 16.7
5683 0.5
5684 63.1
5685 6.0
5686 94.8
5687 19.5
5688 13.5
5689 86.7
5690 24.5
5691 8.4
5692 44.9
5693 38.8
5694 16.0
5695 17.2
5696 52.2
5697 22.5
5698 50.0
5699 8.3
5700 28.3
5701 40.6
5702 73.3
5703 56.6
5704 40.9
5705 77.3
5706 19.0
5707 72.5
5708 72.1
5709 37.0
5710 89.4
5711 40.7
5712 73.5
5713 33.0
5714 94.2
5715 7.0
5716 17.7
5717 4.9
5718 18.1
5719 4.3
5720 9.5
5721 42.2
5722 46.2
5723 36.9
5724 28.1
5725 32.2
5726 38.9
5727 95.1
5728 11.9
5729 79.2
5730 12.4
5731 16.1
5732 26.0
5733 23.0
5734 35.4
5735 14.9
5736 49.0
5737 37.3
5738 11.0
5739 23.0
5740 98.5
5741 43.3
5742 48.3
5743 28.3
5744 27.5
5745 45.7
5746 39.2
5747 49.8
5748 22.1
5749 48.7
5750 97.8
5751 78.9
5752 26.8
5753 14.9
5754 36.7
5755 13.9
5756 95.5
5757 6.9
5758 12.8
5759 36.3
5760 88.3
5761 7.1
5762 43.0
5763 59.3
5764 16.1
5765 90.9
5766 27.6
5767 35.0
5768 31.9
5769 31.7
5770 31.2
5771 23.1
5772 32.0
5773 98.0
5774 57.2
5775 27.8
5776 43.4
5777 39.7
5778 50.5
5779 21.0
5780 25.6
5781 46.3
5782 65.4
5783 7.7
5784 43.6
5785 64.6
5786 62.4
5787 73.2
5788 11.5
5789 25.9
5790 9.8
5791 90.2
5792 15.7
5793 21.7
5794 28.0
5795 36.7
5796 52.4
5797 44.0
5798 5.6
5799 27.7
5800 51.0
5801 39.0
5802 84.3
5803 95.5
5804 2.6
5805 91.3
5806 75.6
5807 65.2
5808 29.3
5809 42.8
5810 26.3
5811 93.3
5812 54.2
5813 96.2
5814 34.1
5815 94.0
5816 38.2
5817 53.4
5818 12.5
5819 17.6
5820 10.8
5821 16.1
5822 13.2
5823 36.3
5824 93.3
5825 12.5
5826 40.1
5827 36.4
5828 48.7
5829 35.8
5830 92.8
5831 74.0
5832 46.4
5833 42.8
5834 16.4
5835 82.9
5836 44.5
5837 73.2
5838 29.9
5839 76.2
5840 40.0
5841 21.4
5842 61.9
5843 62.7
5844 74.9
5845 37.2
5846 1.3
5847 79.6
5848 50.9
5849 3.2
5850 38.1
5851 39.2
5852 76.0
5853 54.8
5854 19.4
5855 23.1
5856 17.4
5857 37.0
5858 8.6
5859 11.7
5860 29.2
5861 39.4
5862 22.8
5863 7.3
5864 20.3
5865 99.7
5866 92.7
5867 60.3
5868 29.2
5869 40.1
5870 43.1
5871 36.9
5872 39.2
5873 46.2
5874 21.3
5875 66.1
5876 12.4
5877 14.5
5878 50.4
5879 62.0
5880 63.1
5881 61.5
5882 98.8
5883 7.8
5884 29.0
5885 14.8
5886 36.8
5887 50.1
5888 66.6
5889 74.8
5890 20.2
5891 14.2
5892 33.4
5893 43.1
5894 71.1
5895 38.5
5896 92.5
5897 22.7
5898 26.2
5899 32.0
5900 4.3
5901 22.6
5902 27.9
5903 6.2
5904 42.5
5905 93.5
5906 3.5
5907 93.8
5908 35.2
5909 86.5
5910 88.4
5911 8.4
5912 5.5
5913 27.1
5914 37.1
5915 16.3
5916 92.7
5917 15.9
5918 96.1
5919 76.3
5920 41.8
5921 19.4
5922 66.7
5923 40.9
5924 28.1
5925 74.4
5926 10.2
5927 68.2
5928 46.7
5929 36.3
5930 53.8
5931 82.0
5932 22.4
5933 87.2
5934 99.7
5935 91.0
5936 19.6
5937 32.5
5938 4.2
5939 22.7
5940 14.6
5941 18.9
5942 90.7
5943 19.4
5944 41.7
5945 38.2
5946 18.3
5947 36.3
5948 33.5
5949 12.0
5950 10.4
5951 73.5
5952 77.8
5953 22.6
5954 65.4
5955 23.6
5956 36.7
5957 44.6
5958 17.3
5959 25.4
5960 3.8
5961 26.2
5962 39.2
5963 17.5
5964 19.6
5965 75.1
5966 68.9
5967 79.3
5968 43.2
5969 77.7
5970 80.6
5971 40.4
5972 99.6
5973 51.4
5974 73.4
5975 44.8
5976 73.8
5977 95.2
5978 20.7
5979 66.2
5980 1.5
5981 95.5
5982 27.3
5983 32.0
5984 46.6
5985 63.5
5986 6.2
5987 35.2
5988 41.5
5989 28.5
5990 39.1
5991 47.7
5992 91.1
5993 70.5
5994 95.4
5995 54.0
5996 34.0
5997 61.2
5998 32.4
5999 19.7
6000 25.1
6001 98.0
6002 14.3
6003 6.4
6004 9.4
6005 15.3
6006 43.7
6007 80.9
6008 89.5
6009 25.6
6010 4.4
6011 73.3
6012 41.4
6013 24.8
6014 23.7
6015 48.8
6016 31.8
6017 21.6
6018 44.8
6019 80.3
6020 16.0
6021 56.6
6022 82.3
6023 68.3
6024 86.5
6025 79.5
6026 84.1
6027 78.6
6028 33.2
6029 54.3
6030 15.4
6031 33.3
6032 26.6
6033 28.3
6034 44.1
6035 10.7
6036 38.6
6037 8.5
6038 55.6
6039 45.9
6040 77.5
6041 59.6
6042 38.6
6043 6.3
6044 9.4
6045 48.3
6046 17.5
6047 73.2
6048 4.8
6049 25.4
6050 46.3
6051 66.0
6052 21.0
6053 38.2
6054 68.3
6055 67.2
6056 33.6
6057 2.9
6058 99.1
6059 37.3
6060 8.7
6061 51.9
6062 26.1
6063 23.9
6064 13.7
6065 36.8
6066 77.9
6067 9.9
6068 70.4
6069 22.0
6070 27.1
6071 68.8
6072 67.3
6073 31.5
6074 18.9
6075 30.8
6076 98.9
6077 91.6
6078 95.8
6079 35.3
6080 50.6
6081 47.0
6082 35.2
6083 83.8
6084 35.0
6085 7.4
6086 35.7
6087 7.2
6088 37.0
6089 75.4
6090 11.6
6091 47.3
6092 35.9
6093 58.9
6094 49.3
6095 25.8
6096 45.6
6097 25.1
6098 97.1
6099 51.6
6100 53.8
6101 2.6
6102 81.3
6103 0.4
6104 15.8
6105 11.1
6106 56.7
6107 56.4
6108 10.6
6109 27.1
6110 41.6
6111 12.2
6112 66.1
6113 27.4
6114 80.5
6115 49.1
6116 44.2
6117 85.8
6118 34.7
6119 61.8
6120 26.9
6121 67.0
6122 37.4
6123 7.0
6124 94.9
6125 49.3
6126 59.0
6127 99.1
6128 41.0
6129 88.3
6130 52.7
6131 21.3
6132 85.6
6133 6.8
6134 0.6
6135 1.3
6136 6.1
6137 90.2
6138 74.4
6139 38.9
6140 34.1
6141 45.2
6142 39.8
6143 81.3
6144 16.9
6145 52.5
6146 56.0
6147 52.8
6148 67.2
6149 75.2
6150 90.0
6151 44.2
6152 40.7
6153 93.6
6154 13.6
6155 23.0
6156 18.6
6157 17.4
6158 16.3
6159 36.6
6160 75.3
6161 64.8
6162 49.0
6163 47.6
6164 23.7
6165 25.8
6166 76.7
6167 43.7
6168 61.1
6169 7.4
6170 34.3
6171 19.0
6172 21.4
6173 93.8
6174 43.3
6175 86.3
6176 47.9
6177 14.5
6178 28.5
6179 2.1
6180 38.6
6181 63.3
6182 25.5
6183 81.1
6184 79.5
6185 62.8
6186 30.5
6187 29.4
6188 53.7
6189 13.3
6190 27.8
6191 26.2
6192 86.0
6193 89.6
6194 73.3
6195 24.3
6196 31.6
6197 34.1
6198 59.5
6199 12.8
6200 45.6
6201 6.5
6202 1.0
6203 49.9
6204 51.6
6205 35.7
6206 10.7
6207 32.3
6208 20.5
6209 57.5
6210 99.3
6211 90.1
6212 100.0
6213 55.0
6214 3.2
6215 31.0
6216 71.2
6217 88.3
6218 98.8
6219 9.6
6220 45.6
6221 31.3
6222 53.7
6223 75.6
6224 20.0
6225 73.0
6226 18.0
6227 17.0
6228 96.6
6229 15.1
6230 10.1
6231 91.4
6232 29.6
6233 19.0
6234 45.8
6235 26.2
6236 52.6
6237 70.4
6238 13.1
6239 36.3
6240 51.3
6241 93.3
6242 38.0
6243 26.2
6244 61.2
6245 2.4
6246 30.1
6247 84.4
6248 23.4
6249 34.0
6250 44.9
6251 55.6
6252 13.2
6253 61.8
6254 99.8
6255 41.1
6256 22.2
6257 17.2
6258 37.7
6259 15.3
6260 19.9
6261 82.9
6262 0.3
6263 9.7
6264 59.2
6265 31.9
6266 67.6
6267 16.8
6268 6.0
6269 96.0
6270 16.1
6271 27.5
6272 27.4
6273 14.1
6274 15.9
6275 32.9
6276 47.8
6277 56.2
6278 35.8
6279 93.9
6280 13.7
6281 21.9
6282 0.7
6283 0.8
6284 54.5
6285 19.3
6286 22.6
6287 32.2
6288 23.2
6289 22.0
6290 35.5
6291 8.6
6292 32.7
6293 13.1
6294 58.4
6295 87.4
6296 85.1
6297 25.6
6298 22.4
6299 0.2
6300 19.7
6301 32.8
6302 89.9
6303 26.5
6304 43.9
6305 68.9
6306 74.5
6307 55.7
6308 15.2
6309 20.1
6310 93.7
6311 86.9
6312 61.0
6313 73.3
6314 30.5
6315 7.2
6316 52.7
6317 17.6
6318 15.9
6319 64.0
6320 31.9
6321 71.9
6322 26.6
6323 19.6
6324 33.2
6325 31.4
6326 26.1
6327 99.1
6328 47.0
6329 61.7
6330 75.0
6331 42.1
6332 65.9
6333 23.4
6334 43.3
6335 30.5
6336 23.6
6337 49.2
6338 32.0
6339 20.8
6340 30.7
6341 94.3
6342 54.7
6343 12.0
6344 39.3
6345 5.7
6346 62.3
6347 10.4
6348 20.5
6349 23.5
6350 12.6
6351 81.1
6352 57.6
6353 54.2
6354 95.9
6355 77.0
6356 61.7
6357 28.2
6358 9.6
6359 39.1
6360 11.8
6361 7.1
6362 34.6
6363 58.5
6364 17.7
6365 37.6
6366 18.1
6367 64.5
6368 14.9
6369 39.1
6370 4.3
6371 93.8
6372 8.7
6373 41.9
6374 24.3
6375 31.7
6376 19.3
6377 92.1
6378 43.6
6379 54.6
6380 76.8
6381 48.2
6382 74.1
6383 15.1
6384 70.7
6385 94.7
6386 4.8
6387 97.7
6388 12.1
6389 26.7
6390 17.3
6391 96.9
6392 9.8
6393 57.6
6394 12.6
6395 12.9
6396 37.9
6397 4.4
6398 28.8
6399 17.0
6400 85.8
6401 30.4
6402 25.6
6403 84.8
6404 5.7
6405 12.9
6406 91.8
6407 13.4
6408 32.8
6409 22.3
6410 41.0
6411 43.7
6412 8.4
6413 54.8
6414 28.0
6415 18.3
6416 85.8
6417 8.0
6418 97.6
6419 33.3
6420 93.1
6421 35.9
6422 29.8
6423 78.7
6424 12.4
6425 35.9
6426 57.3
6427 27.2
6428 85.7
6429 78.5
6430 67.5
6431 35.0
6432 29.8
6433 33.2
6434 6.4
6435 17.7
6436 13.5
6437 40.3
6438 73.2
6439 1.3
6440 39.6
6441 2.5
6442 6.2
6443 37.5
6444 16.2
6445 16.8
6446 94.8
6447 44.8
6448 74.3
6449 99.1
6450 47.5
6451 85.8
6452 87.4
6453 35.0
6454 39.9
6455 25.5
6456 60.7
6457 33.4
6458 11.4
6459 91.5
6460 35.7
6461 44.4
6462 59.4
6463 52.0
6464 88.4
6465 3.0
6466 25.7
6467 5.5
6468 1.7
6469 8.8
6470 51.6
6471 31.8
6472 76.8
6473 21.3
6474 11.9
6475 44.2
6476 16.3
6477 47.0
6478 7.3
6479 1.4
6480 46.3
6481 96.3
6482 5.8
6483 29.5
6484 64.2
6485 29.0
6486 95.5
6487 52.0
6488 9.6
6489 19.5
6490 35.9
6491 64.5
6492 50.3
6493 5.6
6494 6.6
6495 43.0
6496 93.8
6497 35.3
6498 8.6
6499 92.5
6500 63.3
6501 16.8
6502 24.5
6503 76.2
6504 16.6
6505 81.0
6506 60.9
6507 48.8
6508 62.4
6509 24.7
6510 5.9
6511 51.8
6512 22.8
6513 32.5
6514 4.7
6515 6.2
6516 24.7
6517 11.2
6518 24.7
6519 54.5
6520 78.6
6521 33.8
6522 10.1
6523 44.8
6524 89.9
6525 20.4
6526 6.0
6527 0.4
6528 99.5
6529 4.3
6530 12.8
6531 45.0
6532 86.2
6533 17.0
6534 75.0
6535 95.2
6536 38.3
6537 7.3
6538 32.3
6539 41.1
6540 49.0
6541 81.1
6542 8.4
6543 50.9
6544 90.4
6545 88.7
6546 99.1
6547 5.4
6548 98.9
6549 43.4
6550 9.7
6551 37.6
6552 68.2
6553 12.7
6554 7.2
6555 2.3
6556 9.2
6557 9.3
6558 88.3
6559 77.2
6560 37.2
6561 30.1
6562 64.8
6563 13.5
6564 48.6
6565 34.7
6566 29.6
6567 1.6
6568 36.7
6569 91.5
6570 30.0
6571 14.0
6572 17.1
6573 98.7
6574 17.3
6575 36.1
6576 20.7
6577 4.5
6578 82.5
6579 64.6
6580 14.6
6581 57.4
6582 49.4
6583 7.4
6584 32.5
6585 61.2
6586 26.3
6587 52.1
6588 12.0
6589 30.1
6590 63.5
6591 51.1
6592 46.1
6593 6.7
6594 73.9
6595 10.8
6596 87.6
6597 48.3
6598 84.9
6599 26.2
6600 6.9
6601 29.5
6602 51.0
6603 37.5
6604 58.0
6605 93.8
6606 29.1
6607 62.0
6608 0.5
6609 54.5
6610 55.7
6611 21.3
6612 62.1
6613 13.4
6614 17.3
6615 90.2
6616 88.3
6617 98.8
6618 28.8
6619 32.4
6620 93.6
6621 7.2
6622 4.3
6623 47.6
6624 66.8
6625 31.7
6626 98.1
6627 0.6
6628 18.6
6629 30.7
6630 5.2
6631 38.8
6632 92.4
6633 8.9
6634 22.2
6635 17.7
6636 56.0
6637 3.0
6638 47.5
6639 43.8
6640 13.4
6641 0.1
6642 23.3
6643 17.4
6644 58.5
6645 8.2
6646 6.4
6647 26.7
6648 92.8
6649 5.5
6650 3.3
6651 19.0
6652 81.7
6653 49.9
6654 13.2
6655 16.9
6656 81.4
6657 34.8
6658 33.8
6659 85.2
6660 26.7
6661 37.3
6662 26.9
6663 8.6
6664 79.4
6665 88.5
6666 17.6
6667 27.8
6668 65.0
6669 14.4
6670 15.3
6671 1.8
6672 94.5
6673 39.9
6674 11.1
6675 3.8
6676 99.6
6677 18.9
6678 30.6
6679 82.7
6680 52.2
6681 8.8
6682 68.0
6683 1.8
6684 24.6
6685 93.1
6686 26.2
6687 93.0
6688 20.1
6689 29.7
6690 78.8
6691 58.9
6692 45.1
6693 85.1
6694 21.0
6695 60.6
6696 31.3
6697 12.8
6698 71.0
6699 98.5
6700 42.4
6701 24.3
6702 79.1
6703 9.7
6704 41.8
6705 51.1
6706 76.1
6707 76.8
6708 26.3
6709 95.5
6710 12.6
6711 8.4
6712 29.9
6713 33.5
6714 73.2
6715 23.7
6716 35.8
6717 7.1
6718 43.0
6719 59.4
6720 24.2
6721 32.5
6722 91.0
6723 26.9
6724 14.1
6725 30.0
6726 70.1
6727 24.5
6728 99.9
6729 89.1
6730 14.8
6731 81.9
6732 29.9
6733 88.7
6734 77.9
6735 21.2
6736 42.3
6737 17.4
6738 61.1
6739 22.4
6740 31.2
6741 33.7
6742 8.8
6743 51.9
6744 43.4
6745 92.3
6746 3.1
6747 87.6
6748 2.4
6749 96.1
6750 20.1
6751 20.7
6752 65.1
6753 95.3
6754 8.5
6755 27.7
6756 19.5
6757 21.4
6758 95.3
6759 24.9
6760 21.7
6761 10.3
6762 86.8
6763 80.2
6764 27.9
6765 74.3
6766 20.1
6767 18.5
6768 57.5
6769 5.2
6770 1.5
6771 37.2
6772 83.8
6773 22.3
6774 0.6
6775 62.4
6776 12.3
6777 30.5
6778 36.2
6779 12.5
6780 34.4
6781 28.9
6782 27.8
6783 62.3
6784 17.1
6785 17.2
6786 7.0
6787 19.6
6788 10.0
6789 13.1
6790 38.0
6791 35.9
6792 43.8
6793 30.9
6794 83.2
6795 4.9
6796 92.8
6797 18.3
6798 33.8
6799 51.0
6800 43.5
6801 51.7
6802 21.8
6803 94.1
6804 48.8
6805 48.3
6806 26.6
6807 22.3
6808 43.4
6809 18.2
6810 14.7
6811 92.2
6812 15.6
6813 81.4
6814 40.6
6815 3.9
6816 39.9
6817 11.5
6818 34.7
6819 38.5
6820 8.3
6821 52.2
6822 21.1
6823 90.0
6824 42.3
6825 96.1
6826 15.9
6827 80.2
6828 26.0
6829 14.6
6830 28.2
6831 48.7
6832 19.8
6833 27.3
6834 82.8
6835 99.5
6836 32.2
6837 8.2
6838 7.0
6839 24.3
6840 34.5
6841 70.9
6842 19.2
6843 12.6
6844 74.7
6845 93.0
6846 19.3
6847 49.3
6848 69.2
6849 14.3
6850 24.7
6851 34.8
6852 4.9
6853 98.5
6854 63.5
6855 81.6
6856 52.5
6857 37.6
6858 21.0
6859 15.8
6860 2.1
6861 56.6
6862 90.6
6863 4.9
6864 22.5
6865 13.3
6866 3.5
6867 90.9
6868 47.8
6869 27.9
6870 2.0
6871 53.6
6872 84.2
6873 41.1
6874 71.7
6875 29.4
6876 62.2
6877 34.6
6878 91.7
6879 96.4
6880 49.4
6881 34.2
6882 80.6
6883 93.9
6884 36.9
6885 65.6
6886 43.1
6887 35.8
6888 7.4
6889 4.1
6890 71.1
6891 5.1
6892 12.1
6893 11.3
6894 14.4
6895 36.2
6896 20.3
6897 30.1
6898 17.9
6899 45.5
6900 39.4
6901 61.2
6902 89.7
6903 9.8
6904 35.6
6905 23.7
6906 16.5
6907 9.2
6908 11.9
6909 19.7
6910 31.9
6911 21.3
6912 32.3
6913 57.7
6914 88.6
6915 4.0
6916 6.6
6917 96.3
6918 79.6
6919 31.0
6920 40.6
6921 12.4
6922 91.1
6923 0.3
6924 6.3
6925 45.8
6926 82.9
6927 62.4
6928 52.0
6929 15.4
6930 80.2
6931 6.0
6932 24.6
6933 48.7
6934 25.5
6935 5.4
6936 83.4
6937 58.4
6938 28.1
6939 59.9
6940 28.5
6941 10.9
6942 87.0
6943 68.6
6944 54.0
6945 78.4
6946 28.0
6947 17.5
6948 27.6
6949 14.0
6950 6.9
6951 35.9
6952 15.3
6953 42.1
6954 73.1
6955 43.1
6956 59.0
6957 31.0
6958 19.8
6959 21.3
6960 24.3
6961 34.1
6962 22.8
6963 17.5
6964 17.8
6965 23.4
6966 32.6
6967 26.0
6968 29.0
6969 30.7
6970 67.1
6971 96.8
6972 89.5
6973 56.9
6974 49.3
6975 60.5
6976 36.1
6977 26.1
6978 84.4
6979 32.3
6980 72.7
6981 94.8
6982 50.1
6983 90.5
6984 81.4
6985 17.7
6986 2.0
6987 1.4
6988 22.9
6989 38.3
6990 19.5
6991 34.4
6992 60.4
6993 7.5
6994 27.1
6995 3.5
6996 39.8
6997 38.2
6998 11.0
6999 34.0
7000 53.8
7001 93.3
7002 82.6
7003 8.9
7004 16.9
7005 80.5
7006 62.3
7007 33.8
7008 22.6
7009 88.9
7010 30.8
7011 70.2
7012 27.2
7013 90.6
7014 42.4
7015 11.8
7016 49.6
7017 38.0
7018 70.1
7019 88.7
7020 32.1
7021 99.6
7022 32.1
7023 55.9
7024 68.9
7025 36.2
7026 30.3
7027 46.0
7028 37.5
7029 23.4
7030 68.6
7031 9.5
7032 16.0
7033 37.7
7034 3.7
7035 13.7
7036 24.1
7037 21.2
7038 36.8
7039 11.9
7040 69.3
7041 55.8
7042 27.0
7043 26.3
7044 21.1
7045 6.1
7046 17.2
7047 37.5
7048 7.1
7049 8.3
7050 10.5
7051 82.0
7052 13.4
7053 33.0
7054 45.2
7055 28.6
7056 9.1
7057 2.7
7058 40.7
7059 45.6
7060 43.1
7061 15.5
7062 70.1
7063 69.0
7064 62.6
7065 27.6
7066 26.1
7067 27.0
7068 16.8
7069 18.8
7070 44.0
7071 15.0
7072 30.0
7073 53.7
7074 4.8
7075 30.0
7076 36.9
7077 94.3
7078 31.0
7079 47.6
7080 63.4
7081 69.5
7082 41.4
7083 17.7
7084 52.8
7085 38.6
7086 17.7
7087 27.4
7088 54.1
7089 96.5
7090 50.1
7091 50.7
7092 59.7
7093 20.9
7094 5.3
7095 11.8
7096 41.1
7097 43.8
7098 13.5
7099 35.7
7100 15.3
7101 12.4
7102 20.4
7103 29.8
7104 38.6
7105 34.0
7106 13.2
7107 34.0
7108 39.3
7109 24.0
7110 34.8
7111 35.3
7112 46.7
7113 35.8
7114 35.8
7115 85.1
7116 5.9
7117 90.0
7118 98.6
7119 23.2
7120 85.4
7121 42.5
7122 56.7
7123 17.4
7124 17.9
7125 2.1
7126 11.8
7127 13.4
7128 35.4
7129 45.4
7130 48.0
7131 96.7
7132 57.8
7133 65.5
7134 7.1
7135 36.0
7136 26.6
7137 78.5
7138 54.6
7139 66.1
7140 36.1
7141 1.9
7142 30.3
7143 84.4
7144 24.4
7145 72.5
7146 86.8
7147 3.9
7148 43.3
7149 94.7
7150 0.6
7151 14.3
7152 68.3
7153 70.4
7154 87.4
7155 6.1
7156 85.7
7157 20.1
7158 48.7
7159 61.3
7160 3.3
7161 96.0
7162 33.7
7163 62.9
7164 98.9
7165 46.3
7166 55.3
7167 20.0
7168 38.7
7169 38.1
7170 2.0
7171 97.5
7172 96.7
7173 24.0
7174 59.4
7175 3.1
7176 33.7
7177 28.6
7178 72.4
7179 59.1
7180 28.6
7181 16.0
7182 49.4
7183 2.9
7184 13.2
7185 22.0
7186 38.9
7187 43.5
7188 28.0
7189 36.4
7190 34.8
7191 13.4
7192 22.2
7193 22.2
7194 31.3
7195 19.2
7196 2.4
7197 98.3
7198 5.8
7199 55.8
7200 21.4
7201 8.3
7202 87.7
7203 55.4
7204 25.1
7205 15.8
7206 90.6
7207 32.8
7208 0.0
7209 35.5
7210 47.6
7211 42.6
7212 53.7
7213 81.1
7214 79.4
7215 44.2
7216 52.7
7217 6.1
7218 56.2
7219 0.5
7220 27.0
7221 30.4
7222 27.8
7223 28.5
7224 90.0
7225 38.1
7226 91.1
7227 26.7
7228 2.4
7229 73.7
7230 3.3
7231 23.5
7232 24.1
7233 99.3
7234 20.4
7235 19.6
7236 1.1
7237 49.2
7238 94.1
7239 87.6
7240 14.8
7241 19.4
7242 92.7
7243 17.7
7244 94.2
7245 97.7
7246 4.6
7247 75.1
7248 16.1
7249 27.9
7250 41.6
7251 5.7
7252 47.4
7253 99.4
7254 45.6
7255 94.2
7256 91.8
7257 23.0
7258 19.1
7259 30.0
7260 71.4
7261 22.5
7262 43.5
7263 15.1
7264 36.6
7265 25.8
7266 53.3
7267 10.4
7268 36.7
7269 33.1
7270 34.1
7271 27.5
7272 76.1
7273 25.5
7274 72.2
7275 54.9
7276 99.2
7277 38.1
7278 2.6
7279 62.3
7280 45.2
7281 15.2
7282 98.9
7283 38.9
7284 89.8
7285 17.5
7286 23.0
7287 25.0
7288 26.8
7289 35.7
7290 46.2
7291 53.5
7292 26.7
7293 13.2
7294 99.6
7295 53.6
7296 68.5
7297 32.1
7298 21.0
7299 42.6
7300 36.0
7301 32.7
7302 94.9
7303 43.6
7304 96.4
7305 12.7
7306 31.9
7307 9.9
7308 74.7
7309 23.0
7310 33.1
7311 65.4
7312 7.3
7313 92.6
7314 82.1
7315 33.9
7316 29.8
7317 23.2
7318 23.8
7319 27.4
7320 90.5
7321 16.4
7322 24.4
7323 24.6
7324 55.1
7325 67.8
7326 35.7
7327 50.3
7328 11.1
7329 10.3
7330 94.8
7331 71.7
7332 96.3
7333 43.3
7334 37.3
7335 67.6
7336 65.7
7337 90.6
7338 84.7
7339 18.8
7340 12.4
7341 2.3
7342 26.0
7343 98.7
7344 62.8
7345 18.1
7346 36.3
7347 61.3
7348 6.2
7349 27.7
7350 25.5
7351 73.0
7352 18.3
7353 55.6
7354 73.2
7355 51.3
7356 7.8
7357 44.0
7358 53.1
7359 45.2
7360 14.6
7361 62.6
7362 93.6
7363 24.1
7364 30.8
7365 35.8
7366 95.1
7367 23.9
7368 44.4
7369 72.4
7370 27.3
7371 20.7
7372 19.9
7373 27.8
7374 63.5
7375 28.7
7376 82.7
7377 75.9
7378 62.1
7379 10.2
7380 8.3
7381 50.2
7382 20.8
7383 38.0
7384 3.0
7385 84.5
7386 34.2
7387 85.6
7388 7.7
7389 31.1
7390 97.5
7391 72.4
7392 42.0
7393 45.3
7394 11.0
7395 28.1
7396 84.5
7397 14.9
7398 95.2
7399 15.3
7400 100.0
7401 20.8
7402 3.3
7403 15.9
7404 14.1
7405 16.1
7406 29.8
7407 44.1
7408 29.5
7409 13.5
7410 63.0
7411 27.6
7412 60.5
7413 41.5
7414 47.0
7415 38.5
7416 18.6
7417 97.5
7418 95.0
7419 35.2
7420 39.4
7421 12.8
7422 26.7
7423 55.2
7424 52.8
7425 69.7
7426 70.5
7427 77.0
7428 68.6
7429 34.3
7430 68.2
7431 21.9
7432 31.6
7433 46.8
7434 40.0
7435 90.1
7436 55.0
7437 75.7
7438 29.3
7439 35.9
7440 63.8
7441 21.9
7442 29.8
7443 19.6
7444 40.0
7445 29.7
7446 20.8
7447 19.3
7448 9.4
7449 42.7
7450 54.9
7451 4.5
7452 67.0
7453 55.3
7454 23.0
7455 5.3
7456 47.7
7457 9.0
7458 57.2
7459 52.2
7460 25.8
7461 20.1
7462 26.4
7463 18.0
7464 13.8
7465 39.2
7466 99.4
7467 37.4
7468 18.0
7469 61.1
7470 12.3
7471 5.0
7472 66.7
7473 27.1
7474 17.2
7475 42.7
7476 85.1
7477 79.6
7478 11.6
7479 12.1
7480 81.9
7481 18.9
7482 10.0
7483 19.9
7484 12.3
7485 2.0
7486 33.8
7487 39.7
7488 67.6
7489 41.4
7490 48.7
7491 26.6
7492 67.7
7493 91.7
7494 21.6
7495 79.9
7496 37.9
7497 37.0
7498 84.7
7499 51.0
7500 99.1
7501 22.3
7502 30.4
7503 94.4
7504 39.6
7505 10.2
7506 19.8
7507 17.4
7508 17.9
7509 43.4
7510 38.6
7511 94.0
7512 26.1
7513 34.1
7514 44.9
7515 38.3
7516 9.9
7517 39.3
7518 36.4
7519 76.0
7520 61.8
7521 24.7
7522 16.3
7523 23.5
7524 11.9
7525 83.6
7526 97.9
7527 6.3
7528 28.2
7529 36.6
7530 56.9
7531 45.4
7532 43.0
7533 19.2
7534 88.8
7535 1.8
7536 21.9
7537 77.3
7538 28.3
7539 42.2
7540 71.6
7541 91.4
7542 41.3
7543 76.4
7544 88.4
7545 87.1
7546 30.1
7547 39.6
7548 31.9
7549 24.5
7550 13.1
7551 78.7
7552 18.1
7553 23.8
7554 45.7
7555 24.1
7556 21.1
7557 30.8
7558 7.6
7559 59.4
7560 27.6
7561 98.2
7562 22.7
7563 28.6
7564 15.4
7565 49.6
7566 30.3
7567 3.1
7568 62.3
7569 4.5
7570 23.1
7571 41.6
7572 20.9
7573 34.1
7574 99.3
7575 32.2
7576 23.6
7577 99.5
7578 92.4
7579 71.5
7580 99.2
7581 78.8
7582 14.1
7583 17.5
7584 21.5
7585 97.5
7586 12.2
7587 95.9
7588 99.4
7589 9.1
7590 79.4
7591 88.4
7592 55.6
7593 77.6
7594 53.5
7595 44.8
7596 14.9
7597 19.3
7598 92.8
7599 6.1
7600 14.2
7601 39.9
7602 73.0
7603 31.6
7604 74.3
7605 5.9
7606 17.1
7607 89.8
7608 59.2
7609 15.1
7610 96.5
7611 48.3
7612 19.6
7613 87.3
7614 11.3
7615 99.1
7616 28.0
7617 23.5
7618 61.2
7619 34.5
7620 99.7
7621 37.0
7622 70.4
7623 69.8
7624 3.0
7625 98.6
7626 48.1
7627 90.3
7628 88.4
7629 95.6
7630 6.0
7631 17.0
7632 2.9
7633 85.9
7634 31.4
7635 73.3
7636 45.2
7637 98.9
7638 59.6
7639 41.8
7640 82.0
7641 39.2
7642 30.8
7643 32.1
7644 19.3
7645 83.3
7646 26.0
7647 75.6
7648 68.4
7649 21.5
7650 78.9
7651 32.5
7652 35.6
7653 44.1
7654 91.0
7655 59.2
7656 28.1
7657 84.4
7658 3.8
7659 44.0
7660 34.6
7661 2.3
7662 22.6
7663 99.3
7664 18.5
7665 39.7
7666 6.4
7667 24.6
7668 25.6
7669 1.6
7670 66.1
7671 70.1
7672 78.7
7673 22.4
7674 60.8
7675 62.2
7676 0.2
7677 54.1
7678 27.0
7679 77.6
7680 84.3
7681 20.4
7682 59.1
7683 44.4
7684 87.9
7685 6.9
7686 88.4
7687 42.1
7688 9.3
7689 6.8
7690 27.2
7691 82.6
7692 6.0
7693 17.6
7694 38.9
7695 7.4
7696 76.9
7697 49.4
7698 91.3
7699 18.5
7700 57.7
7701 1.8
7702 60.8
7703 74.3
7704 87.0
7705 10.5
7706 4.5
7707 34.7
7708 23.4
7709 86.3
7710 39.2
7711 9.6
7712 36.5
7713 3.3
7714 7.7
7715 46.1
7716 28.2
7717 52.1
7718 48.8
7719 20.8
7720 98.1
7721 6.7
7722 9.1
7723 17.0
7724 44.8
7725 29.4
7726 13.9
7727 21.8
7728 4.1
7729 0.6
7730 12.1
7731 91.9
7732 49.0
7733 68.6
7734 45.5
7735 22.9
7736 71.2
7737 28.1
7738 16.1
7739 39.1
7740 27.5
7741 46.7
7742 3.6
7743 44.8
7744 11.4
7745 43.6
7746 18.1
7747 23.6
7748 86.1
7749 60.1
7750 99.3
7751 11.9
7752 24.4
7753 35.4
7754 78.6
7755 10.4
7756 53.5
7757 12.5
7758 20.5
7759 43.3
7760 24.8
7761 10.9
7762 48.5
7763 40.4
7764 76.8
7765 28.5
7766 7.9
7767 23.1
7768 59.1
7769 19.0
7770 24.1
7771 89.1
7772 66.4
7773 33.0
7774 1.1
7775 29.4
7776 25.8
7777 79.9
7778 39.9
7779 46.4
7780 35.3
7781 19.3
7782 44.0
7783 24.4
7784 33.4
7785 33.9
7786 63.7
7787 20.3
7788 51.1
7789 3.0
7790 93.2
7791 20.0
7792 52.9
7793 6.3
7794 44.2
7795 1.6
7796 44.0
7797 36.8
7798 82.7
7799 57.2
7800 0.6
7801 9.7
7802 42.9
7803 90.4
7804 20.6
7805 90.5
7806 11.7
7807 1.7
7808 70.9
7809 28.4
7810 41.1
7811 38.4
7812 83.0
7813 89.2
7814 86.4
7815 15.0
7816 18.3
7817 28.0
7818 3.1
7819 97.8
7820 30.1
7821 42.8
7822 94.5
7823 76.5
7824 38.7
7825 54.9
7826 6.9
7827 34.3
7828 11.1
7829 50.2
7830 91.3
7831 57.6
7832 32.6
7833 97.1
7834 25.1
7835 41.8
7836 93.8
7837 8.1
7838 92.7
7839 7.9
7840 52.0
7841 4.1
7842 24.7
7843 20.7
7844 12.5
7845 66.8
7846 19.0
7847 13.9
7848 42.3
7849 42.0
7850 33.7
7851 33.3
7852 95.3
7853 91.4
7854 20.7
7855 17.3
7856 93.1
7857 66.7
7858 18.2
7859 39.2
7860 10.6
7861 91.6
7862 37.8
7863 38.3
7864 80.1
7865 25.0
7866 43.5
7867 27.3
7868 3.7
7869 64.0
7870 35.6
7871 11.0
7872 37.2
7873 29.2
7874 10.7
7875 48.5
7876 55.6
7877 52.6
7878 28.7
7879 44.2
7880 27.9
7881 91.2
7882 63.3
7883 24.7
7884 38.5
7885 4.3
7886 67.4
7887 17.6
7888 98.8
7889 89.7
7890 60.6
7891 29.5
7892 23.1
7893 24.8
7894 0.3
7895 94.0
7896 45.6
7897 36.2
7898 7.7
7899 82.8
7900 40.4
7901 87.0
7902 47.7
7903 77.8
7904 22.1
7905 16.2
7906 44.6
7907 44.2
7908 55.9
7909 8.5
7910 26.4
7911 12.1
7912 43.1
7913 51.3
7914 33.8
7915 16.7
7916 45.7
7917 16.8
7918 92.1
7919 23.7
7920 18.0
7921 47.3
7922 36.9
7923 92.6
7924 51.4
7925 26.4
7926 40.5
7927 47.6
7928 34.2
7929 28.3
7930 28.3
7931 98.0
7932 53.8
7933 32.1
7934 27.4
7935 34.8
7936 56.8
7937 81.3
7938 86.8
7939 34.0
7940 27.3
7941 80.2
7942 8.8
7943 4.1
7944 16.1
7945 45.8
7946 26.1
7947 43.0
7948 5.0
7949 27.0
7950 6.8
7951 51.7
7952 51.1
7953 87.3
7954 18.1
7955 8.7
7956 9.8
7957 51.6
7958 14.3
7959 6.6
7960 94.1
7961 63.5
7962 24.9
7963 25.8
7964 6.4
7965 37.2
7966 89.0
7967 7.9
7968 50.1
7969 37.2
7970 35.4
7971 66.1
7972 61.4
7973 13.0
7974 10.6
7975 82.9
7976 38.1
7977 54.4
7978 16.2
7979 17.6
7980 13.6
7981 97.3
7982 94.9
7983 7.4
7984 50.4
7985 47.6
7986 27.6
7987 86.6
7988 44.2
7989 19.7
7990 90.8
7991 24.8
7992 23.7
7993 20.5
7994 28.7
7995 37.4
7996 47.1
7997 21.9
7998 40.6
7999 5.1
8000 81.7
8001 28.5
8002 34.3
8003 20.0
8004 39.2
8005 95.1
8006 48.4
8007 53.5
8008 82.7
8009 99.7
8010 33.6
8011 33.8
8012 11.3
8013 31.0
8014 9.5
8015 35.0
8016 46.8
8017 53.7
8018 80.1
8019 1.2
8020 28.6
8021 63.7
8022 24.5
8023 89.3
8024 29.9
8025 90.6
8026 44.0
8027 97.3
8028 13.4
8029 56.2
8030 55.9
8031 21.0
8032 11.7
8033 35.2
8034 7.0
8035 21.3
8036 4.4
8037 39.1
8038 0.9
8039 48.7
8040 45.8
8041 94.8
8042 88.6
8043 49.4
8044 1.3
8045 49.6
8046 34.5
8047 2.4
8048 23.3
8049 79.6
8050 94.1
8051 33.2
8052 41.6
8053 64.3
8054 41.6
8055 76.1
8056 79.3
8057 23.0
8058 19.9
8059 23.3
8060 70.6
8061 27.8
8062 37.9
8063 26.6
8064 25.8
8065 52.2
8066 33.4
8067 71.3
8068 22.1
8069 32.3
8070 41.5
8071 71.7
8072 30.4
8073 29.2
8074 53.1
8075 43.1
8076 23.6
8077 1.8
8078 86.2
8079 26.0
8080 74.1
8081 14.6
8082 77.4
8083 66.6
8084 75.2
8085 62.3
8086 98.5
8087 41.3
8088 0.8
8089 47.5
8090 41.3
8091 37.8
8092 46.1
8093 48.8
8094 46.0
8095 67.3
8096 49.8
8097 29.5
8098 51.2
8099 36.0
8100 27.7
8101 19.0
8102 90.8
8103 44.2
8104 43.5
8105 9.8
8106 68.0
8107 21.8
8108 24.1
8109 2.2
8110 86.5
8111 94.6
8112 25.2
8113 23.6
8114 89.6
8115 51.3
8116 22.7
8117 91.6
8118 16.4
8119 9.7
8120 57.4
8121 14.0
8122 96.6
8123 21.7
8124 56.4
8125 9.2
8126 39.6
8127 99.0
8128 64.3
8129 99.8
8130 19.8
8131 92.7
8132 19.4
8133 64.8
8134 55.3
8135 96.3
8136 24.0
8137 63.7
8138 34.7
8139 43.3
8140 45.2
8141 50.2
8142 24.6
8143 90.7
8144 42.0
8145 62.6
8146 79.0
8147 28.0
8148 24.9
8149 25.5
8150 7.4
8151 33.0
8152 56.1
8153 44.1
8154 24.5
8155 18.0
8156 37.9
8157 26.7
8158 16.5
8159 14.3
8160 35.2
8161 96.8
8162 71.1
8163 63.7
8164 41.7
8165 11.2
8166 61.3
8167 64.0
8168 43.2
8169 26.4
8170 0.0
8171 26.6
8172 54.1
8173 61.1
8174 40.8
8175 81.8
8176 55.6
8177 1.3
8178 40.4
8179 10.3
8180 20.4
8181 41.2
8182 98.3
8183 17.3
8184 21.4
8185 36.9
8186 18.4
8187 93.6
8188 31.9
8189 7.8
8190 40.6
8191 16.8
8192 34.0
8193 30.1
8194 12.5
8195 23.2
8196 41.4
8197 44.8
8198 15.5
8199 98.7
8200 52.6
8201 13.0
8202 9.4
8203 46.0
8204 19.0
8205 47.4
8206 26.2
8207 32.6
8208 42.9
8209 26.4
8210 3.7
8211 99.7
8212 22.0
8213 33.0
8214 12.7
8215 88.6
8216 0.9
8217 90.1
8218 97.9
8219 27.3
8220 15.0
8221 15.7
8222 42.1
8223 60.5
8224 26.1
8225 48.1
8226 12.6
8227 83.2
8228 47.4
8229 52.6
8230 84.3
8231 40.9
8232 19.5
8233 13.4
8234 36.6
8235 15.2
8236 8.8
8237 78.9
8238 84.3
8239 89.2
8240 5.5
8241 32.5
8242 0.2
8243 47.6
8244 0.5
8245 0.0
8246 34.0
8247 32.7
8248 77.8
8249 99.4
8250 25.4
8251 5.3
8252 0.3
8253 65.0
8254 92.5
8255 23.6
8256 26.7
8257 54.9
8258 49.1
8259 27.8
8260 97.4
8261 28.4
8262 83.7
8263 90.5
8264 28.8
8265 21.6
8266 75.3
8267 58.1
8268 42.8
8269 90.3
8270 6.7
8271 88.7
8272 46.2
8273 51.6
8274 39.8
8275 37.5
8276 2.6
8277 29.8
8278 11.1
8279 83.7
8280 15.2
8281 44.2
8282 91.4
8283 54.0
8284 18.6
8285 40.9
8286 60.4
8287 99.4
8288 95.1
8289 17.5
8290 88.0
8291 26.2
8292 86.3
8293 20.1
8294 28.0
8295 5.3
8296 4.9
8297 14.3
8298 55.6
8299 28.0
8300 97.3
8301 69.6
8302 21.6
8303 26.1
8304 17.4
8305 91.9
8306 29.4
8307 11.7
8308 25.7
8309 12.1
8310 36.8
8311 15.1
8312 47.3
8313 56.6
8314 27.2
8315 7.4
8316 56.6
8317 62.2
8318 46.7
8319 6.3
8320 12.4
8321 53.7
8322 35.4
8323 81.1
8324 99.6
8325 26.9
8326 57.1
8327 74.6
8328 62.3
8329 69.2
8330 95.1
8331 37.8
8332 14.9
8333 18.6
8334 32.9
8335 78.1
8336 49.7
8337 6.5
8338 39.2
8339 20.6
8340 38.3
8341 19.3
8342 13.5
8343 23.4
8344 74.8
8345 50.9
8346 12.4
8347 4.1
8348 16.0
8349 1.1
8350 62.3
8351 21.5
8352 14.8
8353 55.3
8354 58.3
8355 50.0
8356 42.7
8357 39.9
8358 73.7
8359 9.3
8360 17.6
8361 43.7
8362 38.8
8363 29.0
8364 30.0
8365 51.1
8366 18.5
8367 95.9
8368 39.0
8369 46.6
8370 57.1
8371 53.8
8372 44.8
8373 54.7
8374 31.0
8375 37.8
8376 98.0
8377 72.7
8378 5.6
8379 11.9
8380 27.9
8381 28.1
8382 36.9
8383 81.1
8384 8.5
8385 3.9
8386 4.8
8387 14.1
8388 19.2
8389 18.8
8390 58.2
8391 21.3
8392 0.7
8393 35.6
8394 21.9
8395 11.5
8396 18.9
8397 25.7
8398 19.9
8399 23.5
8400 35.2
8401 5.7
8402 96.2
8403 99.6
8404 0.3
8405 36.2
8406 47.2
8407 88.1
8408 98.6
8409 23.7
8410 64.4
8411 8.4
8412 26.9
8413 8.4
8414 2.4
8415 90.1
8416 73.3
8417 81.4
8418 47.1
8419 57.7
8420 35.4
8421 59.1
8422 19.2
8423 5.0
8424 35.6
8425 27.0
8426 86.4
8427 24.9
8428 25.0
8429 29.8
8430 59.5
8431 38.4
8432 21.8
8433 40.5
8434 25.5
8435 48.1
8436 90.9
8437 45.6
8438 20.4
8439 27.8
8440 50.0
8441 66.1
8442 56.1
8443 26.7
8444 99.2
8445 45.0
8446 2.6
8447 51.8
8448 23.6
8449 51.8
8450 25.6
8451 8.8
8452 38.6
8453 29.0
8454 72.6
8455 24.8
8456 5.8
8457 2.3
8458 90.3
8459 29.7
8460 20.4
8461 5.5
8462 7.4
8463 21.7
8464 89.2
8465 40.6
8466 8.8
8467 24.9
8468 12.5
8469 19.6
8470 18.1
8471 27.8
8472 82.8
8473 46.2
8474 2.1
8475 94.0
8476 12.7
8477 22.0
8478 47.3
8479 29.4
8480 1.1
8481 18.4
8482 4.1
8483 77.6
8484 49.0
8485 16.1
8486 19.5
8487 44.3
8488 29.0
8489 29.3
8490 39.7
8491 62.4
8492 9.3
8493 46.2
8494 31.2
8495 73.9
8496 63.0
8497 6.2
8498 54.7
8499 47.3
8500 37.4
8501 12.1
8502 27.8
8503 26.5
8504 82.1
8505 14.9
8506 63.5
8507 99.5
8508 75.4
8509 13.7
8510 31.4
8511 29.1
8512 25.5
8513 55.3
8514 25.8
8515 46.4
8516 46.3
8517 14.7
8518 20.2
8519 40.7
8520 15.8
8521 3.8
8522 0.2
8523 81.8
8524 29.0
8525 74.5
8526 21.4
8527 13.5
8528 49.2
8529 41.9
8530 26.8
8531 24.4
8532 0.6
8533 4.6
8534 26.8
8535 42.1
8536 19.3
8537 6.5
8538 56.9
8539 44.5
8540 5.9
8541 16.0
8542 76.7
8543 36.0
8544 51.8
8545 15.7
8546 43.1
8547 98.8
8548 34.0
8549 70.7
8550 43.3
8551 62.8
8552 51.4
8553 10.1
8554 71.2
8555 68.1
8556 52.1
8557 6.9
8558 54.7
8559 15.8
8560 39.6
8561 48.0
8562 84.1
8563 59.8
8564 18.3
8565 50.9
8566 93.4
8567 69.5
8568 53.1
8569 12.3
8570 36.1
8571 52.6
8572 12.3
8573 38.8
8574 30.2
8575 38.1
8576 38.3
8577 31.4
8578 78.1
8579 44.1
8580 62.5
8581 96.3
8582 41.1
8583 6.0
8584 5.5
8585 4.5
8586 21.3
8587 94.6
8588 23.8
8589 32.9
8590 17.8
8591 96.7
8592 22.2
8593 30.2
8594 16.8
8595 72.4
8596 72.5
8597 41.6
8598 9.4
8599 85.5
8600 96.1
8601 43.1
8602 3.5
8603 35.4
8604 19.8
8605 85.8
8606 26.0
8607 51.9
8608 11.4
8609 60.4
8610 53.3
8611 54.0
8612 36.8
8613 17.7
8614 40.5
8615 10.7
8616 33.0
8617 5.7
8618 99.0
8619 61.5
8620 78.1
8621 31.2
8622 37.1
8623 6.0
8624 91.3
8625 5.9
8626 13.1
8627 0.9
8628 97.9
8629 7.2
8630 88.3
8631 23.5
8632 11.9
8633 11.7
8634 78.5
8635 45.5
8636 34.4
8637 23.1
8638 90.3
8639 15.2
8640 30.5
8641 37.1
8642 30.5
8643 30.8
8644 44.8
8645 12.8
8646 41.8
8647 43.4
8648 40.3
8649 24.0
8650 37.2
8651 18.7
8652 59.3
8653 20.7
8654 10.5
8655 30.9
8656 17.7
8657 36.4
8658 99.5
8659 56.4
8660 4.8
8661 26.8
8662 52.3
8663 7.3
8664 29.9
8665 10.2
8666 26.6
8667 66.9
8668 51.1
8669 85.0
8670 15.3
8671 22.8
8672 97.4
8673 38.9
8674 19.7
8675 34.6
8676 97.7
8677 15.9
8678 14.8
8679 68.7
8680 13.2
8681 19.2
8682 43.6
8683 17.2
8684 51.2
8685 95.8
8686 64.3
8687 71.4
8688 33.7
8689 31.2
8690 14.6
8691 46.9
8692 1.5
8693 17.0
8694 33.3
8695 15.4
8696 89.2
8697 55.8
8698 34.4
8699 18.1
8700 71.0
8701 4.8
8702 90.9
8703 22.4
8704 25.0
8705 56.1
8706 28.1
8707 90.0
8708 53.3
8709 71.7
8710 32.9
8711 75.6
8712 26.4
8713 91.2
8714 5.0
8715 25.2
8716 20.8
8717 88.5
8718 60.7
8719 11.9
8720 82.3
8721 6.0
8722 83.9
8723 23.3
8724 20.1
8725 93.7
8726 53.1
8727 43.1
8728 7.5
8729 26.8
8730 36.0
8731 54.5
8732 14.6
8733 86.8
8734 18.4
8735 34.8
8736 7.0
8737 27.0
8738 17.9
8739 2.9
8740 17.4
8741 96.5
8742 95.0
8743 96.0
8744 24.6
8745 0.3
8746 17.9
8747 18.0
8748 31.2
8749 43.5
8750 29.1
8751 30.4
8752 30.9
8753 62.0
8754 14.4
8755 40.9
8756 15.9
8757 40.2
8758 85.7
8759 16.3
8760 1.7
8761 20.7
8762 35.7
8763 85.8
8764 34.6
8765 44.6
8766 38.6
8767 8.6
8768 0.1
8769 96.0
8770 24.2
8771 5.3
8772 34.7
8773 7.3
8774 64.8
8775 24.0
8776 4.7
8777 45.3
8778 40.9
8779 23.6
8780 28.8
8781 14.5
8782 20.7
8783 19.7
8784 6.0
8785 62.3
8786 17.4
8787 95.5
8788 93.9
8789 24.0
8790 23.4
8791 47.5
8792 11.0
8793 27.5
8794 23.2
8795 89.0
8796 44.9
8797 48.8
8798 96.7
8799 13.3
8800 16.9
8801 30.8
8802 27.9
8803 34.5
8804 29.5
8805 2.4
8806 45.0
8807 60.9
8808 66.1
8809 0.6
8810 54.0
8811 95.9
8812 93.7
8813 41.4
8814 28.8
8815 43.9
8816 15.4
8817 18.4
8818 82.2
8819 60.3
8820 10.1
8821 39.6
8822 27.0
8823 24.3
8824 89.7
8825 31.8
8826 27.8
8827 44.9
8828 86.5
8829 16.2
8830 36.1
8831 17.5
8832 39.5
8833 25.5
8834 35.1
8835 30.5
8836 53.8
8837 1.5
8838 54.8
8839 84.3
8840 73.2
8841 58.7
8842 46.3
8843 29.1
8844 15.2
8845 17.9
8846 67.7
8847 62.2
8848 7.4
8849 7.8
8850 2.1
8851 99.5
8852 60.0
8853 6.3
8854 97.3
8855 59.1
8856 95.0
8857 81.5
8858 32.3
8859 3.7
8860 50.2
8861 24.9
8862 21.4
8863 37.4
8864 31.1
8865 38.6
8866 22.5
8867 94.5
8868 27.2
8869 24.9
8870 85.6
8871 17.6
8872 37.6
8873 25.7
8874 51.4
8875 14.0
8876 39.2
8877 71.8
8878 31.9
8879 75.2
8880 63.0
8881 8.6
8882 31.8
8883 6.9
8884 1.1
8885 4.4
8886 96.7
8887 45.8
8888 43.0
8889 45.3
8890 16.0
8891 54.9
8892 79.8
8893 55.7
8894 30.2
8895 11.5
8896 42.7
8897 86.4
8898 98.0
8899 23.0
8900 77.4
8901 23.3
8902 63.2
8903 86.7
8904 48.1
8905 9.2
8906 7.1
8907 40.3
8908 98.7
8909 25.1
8910 67.8
8911 57.1
8912 19.9
8913 11.7
8914 10.4
8915 12.5
8916 19.4
8917 20.1
8918 85.2
8919 11.6
8920 21.9
8921 18.9
8922 19.8
8923 7.9
8924 10.5
8925 11.6
8926 35.1
8927 28.5
8928 41.7
8929 7.5
8930 80.6
8931 63.0
8932 81.7
8933 88.2
8934 41.2
8935 15.7
8936 71.5
8937 97.6
8938 5.2
8939 8.7
8940 0.5
8941 40.2
8942 16.2
8943 13.1
8944 24.6
8945 13.2
8946 19.8
8947 5.3
8948 29.5
8949 17.7
8950 53.1
8951 28.9
8952 59.3
8953 21.9
8954 54.4
8955 26.7
8956 86.7
8957 52.3
8958 73.5
8959 32.0
8960 7.5
8961 41.3
8962 35.1
8963 40.8
8964 49.9
8965 62.9
8966 70.3
8967 35.3
8968 10.3
8969 18.6
8970 41.1
8971 63.0
8972 41.3
8973 3.0
8974 25.7
8975 13.8
8976 61.7
8977 17.0
8978 39.7
8979 31.0
8980 7.5
8981 3.3
8982 26.8
8983 16.1
8984 65.6
8985 37.3
8986 23.6
8987 14.5
8988 38.3
8989 58.4
8990 48.1
8991 86.1
8992 5.3
8993 15.3
8994 31.1
8995 27.1
8996 83.7
8997 54.2
8998 34.2
8999 11.4
9000 26.2
9001 33.2
9002 0.1
9003 1.8
9004 11.6
9005 94.4
9006 47.7
9007 53.4
9008 49.5
9009 50.9
9010 6.3
9011 29.9
9012 55.0
9013 22.8
9014 8.3
9015 22.4
9016 57.6
9017 95.0
9018 27.6
9019 43.3
9020 71.9
9021 23.1
9022 43.0
9023 59.4
9024 58.9
9025 30.6
9026 23.3
9027 95.5
9028 41.6
9029 38.0
9030 46.1
9031 2.4
9032 86.4
9033 22.0
9034 15.7
9035 26.8
9036 93.3
9037 35.5
9038 18.2
9039 88.5
9040 44.8
9041 44.3
9042 26.2
9043 84.3
9044 26.0
9045 46.4
9046 57.8
9047 7.1
9048 20.2
9049 87.7
9050 79.9
9051 66.1
9052 14.7
9053 89.2
9054 85.7
9055 43.2
9056 4.0
9057 84.6
9058 85.7
9059 27.2
9060 23.1
9061 73.4
9062 56.0
9063 43.4
9064 21.7
9065 7.3
9066 54.3
9067 12.6
9068 77.0
9069 47.0
9070 3.2
9071 80.9
9072 29.9
9073 29.7
9074 24.1
9075 99.7
9076 78.4
9077 93.6
9078 97.0
9079 61.1
9080 11.3
9081 14.0
9082 42.3
9083 28.3
9084 93.9
9085 1.4
9086 33.5
9087 31.3
9088 47.0
9089 21.9
9090 28.3
9091 12.2
9092 35.7
9093 35.0
9094 11.4
9095 5.1
9096 66.3
9097 47.6
9098 42.6
9099 80.1
9100 33.7
9101 40.6
9102 39.7
9103 43.6
9104 22.2
9105 78.4
9106 8.7
9107 4.9
9108 4.2
9109 12.6
9110 18.7
9111 20.8
9112 47.1
9113 45.7
9114 21.8
9115 10.8
9116 86.0
9117 1.5
9118 78.7
9119 16.2
9120 7.7
9121 41.7
9122 11.8
9123 49.7
9124 28.5
9125 45.1
9126 49.8
9127 32.9
9128 85.2
9129 12.4
9130 92.3
9131 53.0
9132 57.3
9133 34.3
9134 79.3
9135 39.6
9136 14.9
9137 89.7
9138 44.5
9139 38.8
9140 36.8
9141 86.5
9142 26.6
9143 28.6
9144 44.8
9145 78.8
9146 38.0
9147 53.2
9148 91.0
9149 90.7
9150 88.6
9151 29.2
9152 18.8
9153 47.3
9154 33.3
9155 44.5
9156 24.2
9157 17.8
9158 13.4
9159 72.7
9160 31.6
9161 36.4
9162 4.0
9163 18.6
9164 19.0
9165 57.4
9166 72.0
9167 90.1
9168 65.7
9169 7.6
9170 99.7
9171 32.8
9172 99.9
9173 91.4
9174 26.0
9175 30.3
9176 18.1
9177 28.9
9178 74.9
9179 63.5
9180 22.4
9181 79.0
9182 69.1
9183 14.8
9184 57.1
9185 28.1
9186 48.6
9187 44.5
9188 46.7
9189 65.9
9190 92.3
9191 62.2
9192 63.7
9193 44.7
9194 19.8
9195 82.9
9196 40.9
9197 42.6
9198 85.8
9199 52.9
9200 3.8
9201 21.2
9202 10.9
9203 24.5
9204 88.3
9205 88.2
9206 11.1
9207 39.4
9208 56.5
9209 23.5
9210 55.6
9211 8.9
9212 45.8
9213 55.5
9214 13.4
9215 56.4
9216 21.9
9217 4.4
9218 31.4
9219 97.2
9220 0.3
9221 36.2
9222 93.7
9223 87.5
9224 6.9
9225 31.0
9226 63.6
9227 16.5
9228 4.1
9229 35.9
9230 77.8
9231 39.2
9232 24.2
9233 25.1
9234 11.4
9235 48.7
9236 23.5
9237 25.3
9238 68.3
9239 8.6
9240 9.4
9241 34.9
9242 5.1
9243 28.5
9244 10.3
9245 12.3
9246 63.5
9247 8.1
9248 32.0
9249 2.4
9250 33.1
9251 60.0
9252 85.3
9253 58.4
9254 71.2
9255 57.2
9256 90.5
9257 30.5
9258 30.2
9259 1.7
9260 34.2
9261 20.4
9262 98.7
9263 92.2
9264 47.4
9265 54.3
9266 97.9
9267 8.8
9268 5.7
9269 13.1
9270 37.2
9271 98.5
9272 12.8
9273 11.7
9274 15.3
9275 6.9
9276 19.8
9277 83.9
9278 34.2
9279 11.9
9280 51.5
9281 80.9
9282 52.1
9283 3.4
9284 81.9
9285 35.6
9286 31.6
9287 94.9
9288 12.5
9289 40.1
9290 21.5
9291 56.2
9292 57.1
9293 62.6
9294 37.0
9295 81.9
9296 16.0
9297 39.8
9298 68.5
9299 63.1
9300 33.6
9301 37.3
9302 0.1
9303 26.4
9304 23.9
9305 54.8
9306 36.1
9307 12.0
9308 75.5
9309 2.5
9310 49.9
9311 13.0
9312 57.3
9313 34.6
9314 36.9
9315 83.6
9316 8.4
9317 21.0
9318 32.7
9319 23.3
9320 32.6
9321 20.9
9322 51.9
9323 78.1
9324 13.5
9325 27.5
9326 51.9
9327 32.8
9328 43.7
9329 3.3
9330 22.2
9331 34.1
9332 80.0
9333 12.8
9334 23.3
9335 62.2
9336 78.6
9337 97.5
9338 71.5
9339 72.2
9340 45.0
9341 91.6
9342 58.5
9343 94.8
9344 40.9
9345 48.4
9346 20.1
9347 29.2
9348 6.6
9349 53.6
9350 55.1
9351 99.9
9352 2.4
9353 22.9
9354 23.9
9355 37.2
9356 53.9
9357 56.0
9358 22.7
9359 59.3
9360 86.6
9361 55.3
9362 64.8
9363 12.3
9364 52.0
9365 14.2
9366 6.8
9367 47.9
9368 18.2
9369 76.2
9370 79.7
9371 36.4
9372 44.2
9373 11.6
9374 1.2
9375 94.8
9376 58.6
9377 41.0
9378 32.4
9379 21.8
9380 14.9
9381 58.5
9382 22.6
9383 74.3
9384 29.0
9385 16.7
9386 15.9
9387 49.3
9388 15.4
9389 31.4
9390 62.1
9391 48.8
9392 68.1
9393 34.6
9394 57.4
9395 72.3
9396 7.5
9397 0.9
9398 88.9
9399 3.9
9400 99.4
9401 50.9
9402 34.8
9403 91.9
9404 45.0
9405 32.6
9406 54.3
9407 21.9
9408 50.7
9409 86.1
9410 89.1
9411 43.1
9412 22.3
9413 74.8
9414 34.6
9415 90.7
9416 59.0
9417 52.8
9418 13.4
9419 85.6
9420 44.8
9421 36.5
9422 65.7
9423 95.8
9424 41.4
9425 9.8
9426 3.3
9427 5.1
9428 52.0
9429 27.0
9430 82.4
9431 7.6
9432 15.1
9433 34.3
9434 0.1
9435 21.4
9436 60.5
9437 37.7
9438 90.6
9439 88.4
9440 10.7
9441 34.9
9442 84.4
9443 24.5
9444 5.4
9445 80.3
9446 89.0
9447 46.9
9448 12.4
9449 19.7
9450 21.4
9451 97.0
9452 3.1
9453 57.0
9454 70.4
9455 99.8
9456 23.5
9457 97.1
9458 72.8
9459 6.9
9460 54.7
9461 45.3
9462 39.5
9463 24.0
9464 70.7
9465 74.7
9466 29.4
9467 21.6
9468 29.0
9469 47.4
9470 62.5
9471 91.7
9472 69.2
9473 6.4
9474 24.0
9475 26.1
9476 54.0
9477 26.0
9478 10.0
9479 14.3
9480 52.3
9481 75.8
9482 22.6
9483 53.6
9484 59.9
9485 43.1
9486 12.2
9487 11.9
9488 35.2
9489 85.3
9490 97.1
9491 24.6
9492 36.5
9493 22.3
9494 82.4
9495 8.6
9496 8.8
9497 67.3
9498 47.4
9499 84.9
9500 26.9
9501 30.8
9502 98.8
9503 63.7
9504 37.4
9505 28.7
9506 54.8
9507 66.9
9508 58.3
9509 50.0
9510 7.0
9511 10.9
9512 34.7
9513 44.5
9514 6.8
9515 18.9
9516 54.5
9517 90.3
9518 31.4
9519 71.6
9520 86.6
9521 20.9
9522 57.5
9523 12.1
9524 87.1
9525 30.1
9526 94.0
9527 45.5
9528 9.3
9529 28.6
9530 89.0
9531 21.9
9532 65.4
9533 51.7
9534 35.5
9535 67.3
9536 91.9
9537 99.7
9538 86.7
9539 98.0
9540 15.6
9541 62.6
9542 77.1
9543 18.7
9544 65.4
9545 34.3
9546 24.8
9547 30.0
9548 42.6
9549 87.5
9550 27.6
9551 34.6
9552 22.0
9553 23.8
9554 57.9
9555 66.0
9556 52.2
9557 97.9
9558 76.6
9559 66.9
9560 34.3
9561 19.3
9562 84.4
9563 99.4
9564 48.8
9565 44.9
9566 26.1
9567 99.6
9568 38.8
9569 13.8
9570 67.1
9571 1.6
9572 36.4
9573 65.3
9574 45.8
9575 23.5
9576 41.2
9577 70.0
9578 2.1
9579 52.4
9580 55.6
9581 41.2
9582 40.0
9583 47.8
9584 23.7
9585 89.5
9586 15.6
9587 96.7
9588 34.8
9589 50.4
9590 68.6
9591 6.0
9592 40.8
9593 80.7
9594 59.6
9595 20.4
9596 22.1
9597 87.4
9598 39.6
9599 64.3
9600 12.7
9601 2.9
9602 98.4
9603 88.0
9604 88.6
9605 21.1
9606 42.5
9607 93.5
9608 85.3
9609 40.6
9610 25.5
9611 97.9
9612 15.4
9613 34.6
9614 4.6
9615 31.1
9616 99.0
9617 47.9
9618 89.4
9619 12.0
9620 50.7
9621 73.7
9622 20.8
9623 32.2
9624 64.0
9625 47.1
9626 34.8
9627 24.0
9628 29.4
9629 20.0
9630 13.7
9631 95.7
9632 2.3
9633 50.5
9634 42.1
9635 74.8
9636 56.3
9637 20.3
9638 19.7
9639 57.1
9640 11.0
9641 20.7
9642 15.4
9643 6.3
9644 42.1
9645 29.8
9646 20.7
9647 19.2
9648 60.4
9649 13.4
9650 6.7
9651 46.5
9652 5.9
9653 81.8
9654 22.1
9655 59.7
9656 56.1
9657 0.2
9658 94.5
9659 47.8
9660 24.9
9661 25.3
9662 37.7
9663 59.9
9664 37.3
9665 70.1
9666 34.3
9667 33.5
9668 14.1
9669 14.1
9670 75.2
9671 28.0
9672 62.0
9673 58.3
9674 16.1
9675 61.9
9676 16.6
9677 20.6
9678 26.9
9679 16.1
9680 54.0
9681 41.9
9682 69.0
9683 21.7
9684 21.8
9685 25.3
9686 65.3
9687 37.3
9688 11.8
9689 3.0
9690 42.4
9691 44.1
9692 23.4
9693 19.6
9694 61.1
9695 25.4
9696 24.0
9697 94.4
9698 39.2
9699 43.1
9700 6.4
9701 92.3
9702 35.9
9703 13.8
9704 96.7
9705 57.9
9706 20.4
9707 94.3
9708 7.6
9709 17.0
9710 49.7
9711 0.9
9712 41.1
9713 32.6
9714 39.7
9715 51.0
9716 22.5
9717 37.9
9718 57.4
9719 59.6
9720 83.7
9721 27.7
9722 6.6
9723 10.1
9724 52.5
9725 77.5
9726 61.3
9727 74.6
9728 0.5
9729 6.3
9730 34.9
9731 21.3
9732 31.4
9733 32.7
9734 17.9
9735 32.5
9736 32.9
9737 77.6
9738 39.5
9739 52.7
9740 35.8
9741 68.6
9742 41.3
9743 37.9
9744 96.5
9745 55.8
9746 5.7
9747 22.8
9748 8.1
9749 19.3
9750 31.4
9751 45.9
9752 77.7
9753 24.2
9754 34.4
9755 32.8
9756 32.7
9757 37.0
9758 58.3
9759 33.0
9760 81.6
9761 25.6
9762 13.1
9763 9.9
9764 16.9
9765 11.7
9766 64.9
9767 26.1
9768 97.4
9769 5.8
9770 51.8
9771 42.1
9772 27.2
9773 21.7
9774 31.2
9775 85.9
9776 22.9
9777 16.2
9778 75.1
9779 22.1
9780 44.1
9781 68.1
9782 23.6
9783 12.8
9784 10.4
9785 37.0
9786 13.9
9787 66.4
9788 22.2
9789 21.4
9790 19.9
9791 20.2
9792 49.8
9793 91.8
9794 9.5
9795 27.1
9796 90.7
9797 77.3
9798 19.9
9799 26.8
9800 26.0
9801 57.2
9802 42.0
9803 96.0
9804 17.7
9805 14.5
9806 86.2
9807 64.2
9808 37.5
9809 71.8
9810 96.7
9811 5.7
9812 18.6
9813 27.7
9814 86.8
9815 32.5
9816 99.5
9817 31.3
9818 98.7
9819 22.6
9820 46.4
9821 60.2
9822 45.9
9823 51.5
9824 99.7
9825 36.8
9826 0.4
9827 23.5
9828 96.3
9829 53.3
9830 81.3
9831 36.5
9832 50.9
9833 38.6
9834 91.0
9835 18.6
9836 31.9
9837 41.9
9838 56.1
9839 36.1
9840 18.5
9841 31.2
9842 41.3
9843 95.4
9844 50.2
9845 8.4
9846 88.6
9847 34.6
9848 11.6
9849 1.6
9850 37.1
9851 15.8
9852 80.0
9853 14.8
9854 47.0
9855 21.8
9856 53.7
9857 34.5
9858 2.3
9859 45.7
9860 49.6
9861 77.4
9862 46.0
9863 40.6
9864 8.8
9865 76.3
9866 96.1
9867 88.5
9868 40.0
9869 36.8
9870 4.2
9871 83.8
9872 40.4
9873 31.7
9874 33.3
9875 23.5
9876 41.1
9877 3.4
9878 2.9
9879 98.9
9880 4.1
9881 60.5
9882 6.9
9883 14.7
9884 46.2
9885 33.3
9886 87.0
9887 46.0
9888 37.1
9889 61.3
9890 40.2
9891 7.1
9892 28.9
9893 18.6
9894 36.0
9895 28.8
9896 25.6
9897 33.4
9898 61.9
9899 9.5
9900 11.0
9901 46.5
9902 58.5
9903 42.9
9904 53.1
9905 14.6
9906 97.5
9907 58.4
9908 15.0
9909 30.5
9910 44.2
9911 98.2
9912 51.7
9913 27.4
9914 32.7
9915 56.2
9916 74.6
9917 37.1
9918 38.9
9919 16.1
9920 32.3
9921 23.7
9922 90.6
9923 54.1
9924 22.9
9925 37.0
9926 2.4
9927 28.4
9928 58.6
9929 21.3
9930 66.9
9931 93.9
9932 45.3
9933 25.8
9934 97.8
9935 58.5
9936 18.7
9937 20.1
9938 25.0
9939 48.9
9940 67.7
9941 91.3
9942 38.2
9943 48.0
9944 90.6
9945 20.6
9946 14.5
9947 15.4
9948 45.7
9949 56.6
9950 27.9
9951 64.5
9952 53.0
9953 90.2
9954 23.3
9955 18.6
9956 2.4
9957 2.2
9958 18.3
9959 15.5
9960 23.0
9961 26.1
9962 8.2
9963 20.1
9964 17.2
9965 11.0
9966 93.7
9967 20.8
9968 22.3
9969 76.1
9970 63.3
9971 26.3
9972 79.9
9973 54.2
9974 20.1
9975 10.3
9976 11.9
9977 0.0
9978 23.0
9979 6.9
9980 92.9
9981 27.4
9982 80.0
9983 21.3
9984 46.9
9985 18.3
9986 25.2
9987 8.6
9988 20.0
9989 44.6
9990 62.5
9991 80.6
9992 45.3
9993 20.6
9994 99.4
9995 50.8
9996 89.9
9997 96.8
9998 99.2
9999 63.3
10000 30.5

Weight:  0.010000
