0 -9.188855e+05 5.257451e+05 -2.608731e+05 1.090327e+06
1 1.087273e+06 1.056798e+06 -1.719566e+06 2.292573e+06
2 5.096045e+05 1.284907e+06 -7.118134e+05 1.554787e+06
3 -2.153262e+06 2.294628e+06 -1.852140e+05 3.152167e+06
4 3.434740e+06 8.216070e+05 -1.568387e+06 3.864236e+06
5 3.817031e+06 3.229095e+06 1.252448e+06 5.154164e+06
6 4.344205e+05 -1.159294e+06 -2.662254e+06 2.936031e+06
7 -7.343693e+05 4.952505e+06 1.318834e+06 5.177444e+06
8 -7.545561e+04 -1.477255e+06 -1.635323e+05 1.488193e+06
9 -5.994409e+04 -1.595880e+05 4.426453e+06 4.429734e+06
10 3.397412e+06 -5.111400e+05 7.201627e+05 3.510315e+06
11 2.340032e+06 -3.626769e+06 -1.719002e+06 4.645876e+06
12 3.196770e+06 3.863908e+06 -9.519122e+05 5.104435e+06
13 -7.426003e+05 6.469820e+06 1.335299e+06 6.647785e+06
14 2.252103e+06 5.930878e+06 1.339928e+06 6.484033e+06
15 7.526916e+05 -2.273791e+05 -1.196663e+06 1.431869e+06
16 1.567451e+06 3.212489e+06 4.207226e+05 3.599166e+06
17 3.361310e+06 2.471094e+06 4.966482e+06 6.486189e+06
18 -8.959640e+05 -5.140378e+06 2.586262e+06 5.823658e+06
19 -4.991946e+05 -9.835821e+05 5.127409e+06 5.244707e+06
20 -1.551015e+06 4.643698e+06 -2.578036e+06 5.533159e+06
21 2.689808e+06 -6.444272e+06 3.703951e+06 7.904616e+06
22 3.622970e+06 -1.258221e+06 3.537297e+06 5.217422e+06
23 3.438670e+06 1.078231e+06 1.551953e+06 3.923722e+06
24 -4.025277e+06 -2.303465e+06 1.090737e+06 4.764296e+06
25 1.261586e+06 -1.322418e+06 -9.778206e+05 2.072805e+06
26 -1.767844e+06 4.085342e+06 3.351853e+06 5.572272e+06
27 -4.093796e+06 -1.924943e+06 1.100688e+06 4.655758e+06
28 1.602287e+06 -4.801662e+06 6.560868e+05 5.104286e+06
29 9.761955e+04 6.985902e+06 -8.221269e+05 7.034789e+06
30 2.480153e+06 -2.315507e+06 5.997273e+06 6.890575e+06
31 4.374314e+06 -4.299549e+06 4.050880e+06 7.350536e+06
32 -1.599642e+06 -5.746041e+05 1.468178e+06 2.246012e+06
33 -1.388931e+06 -3.851199e+06 -1.738351e+06 4.447778e+06
34 1.672462e+06 5.834444e+05 -6.361434e+06 6.603437e+06
35 8.643221e+05 -4.622340e+06 -2.985805e+06 5.570288e+06
36 -1.801334e+06 2.574444e+06 -1.009672e+06 3.300303e+06
37 3.577042e+05 2.143960e+06 -4.849457e+06 5.314297e+06
38 1.861290e+06 7.069914e+05 7.461247e+04 1.992437e+06
39 8.178751e+05 9.653277e+05 -2.096784e+06 2.448935e+06
40 6.314210e+05 3.426594e+06 3.109141e+06 4.669796e+06
41 3.947989e+06 9.240054e+05 2.313489e+06 4.668258e+06
42 2.329090e+06 3.455448e+06 2.767517e+06 5.002393e+06
43 1.547078e+06 9.630811e+06 1.090607e+06 9.815059e+06
44 3.242725e+06 -2.226394e+06 -3.058199e+06 4.982437e+06
45 -8.753536e+04 3.402434e+05 2.795079e+06 2.817072e+06
46 -2.746068e+06 1.098345e+06 -8.352200e+05 3.073247e+06
47 2.379185e+06 -5.910972e+05 -2.507773e+05 2.464306e+06
48 2.482311e+06 -1.192199e+06 3.685201e+06 4.600425e+06
49 -2.169074e+06 7.560728e+02 5.739771e+06 6.135948e+06
50 -1.599852e+06 3.231692e+06 3.250864e+06 4.855047e+06
51 -1.206396e+06 -3.658343e+06 3.901204e+06 5.482541e+06
52 -1.594901e+06 -1.542184e+06 -1.320043e+06 2.581580e+06
53 2.085602e+06 -3.921397e+06 1.218369e+06 4.605596e+06
54 -1.720786e+05 -1.556787e+06 -1.613555e+06 2.248723e+06
55 1.880153e+06 -3.824778e+06 -1.866804e+05 4.265999e+06
56 -3.858463e+06 -2.078166e+06 2.681444e+06 5.137768e+06
57 -4.134866e+06 3.689416e+06 -2.201928e+06 5.963002e+06
58 3.881755e+06 5.913154e+06 7.984178e+05 7.118348e+06
59 2.872372e+04 -2.991142e+06 1.174560e+06 3.213619e+06
60 2.101009e+06 -2.038280e+06 2.014788e+05 2.934181e+06
61 2.287158e+06 4.365628e+06 8.876437e+05 5.007765e+06
62 -2.261173e+06 -1.912111e+05 1.059474e+06 2.504386e+06
63 3.419809e+06 -3.702911e+05 1.877039e+06 3.918607e+06
64 1.059505e+06 5.436727e+06 2.336814e+06 6.011760e+06
65 2.708248e+06 7.259043e+05 -1.451249e+05 2.807598e+06
66 -1.761523e+06 7.049530e+05 -3.988658e+06 4.416935e+06
67 -7.175197e+05 3.679844e+06 3.091603e+06 4.859434e+06
68 2.829487e+06 1.686388e+06 -7.772460e+05 3.384378e+06
69 2.571845e+06 -3.571901e+05 8.991979e+05 2.747823e+06
70 1.279806e+05 -3.098740e+06 2.642705e+03 3.101382e+06
71 -1.914575e+06 1.567914e+06 3.204518e+06 4.048813e+06
72 2.813131e+06 6.587020e+05 1.641934e+06 3.323183e+06
73 2.210378e+06 -4.205230e+05 1.553148e+06 2.734023e+06
74 5.560680e+06 -2.714434e+06 2.159157e+06 6.553722e+06
75 9.061490e+05 1.811671e+06 -7.103999e+05 2.146608e+06
76 6.525909e+06 1.011390e+06 -1.934943e+06 6.881453e+06
77 -4.577434e+05 1.270574e+06 -3.220264e+06 3.491989e+06
78 -3.434146e+06 3.922249e+06 -5.993701e+05 5.247536e+06
79 4.960136e+06 -3.831829e+06 3.866195e+06 7.364328e+06
80 9.460553e+05 -4.851163e+06 -5.645991e+06 7.503734e+06
81 -5.857481e+06 -2.292966e+06 -1.054965e+06 6.378144e+06
82 -1.800903e+06 7.141143e+06 1.141494e+06 7.452663e+06
83 -1.581165e+06 -1.407039e+06 -4.976107e+06 5.407539e+06
84 4.294497e+06 1.075292e+06 1.607782e+06 4.709981e+06
85 2.508793e+06 3.046002e+06 2.102649e+06 4.471388e+06
86 -2.749639e+06 -7.794844e+05 -1.281053e+06 3.131965e+06
87 2.630712e+05 2.978290e+06 -1.800555e+03 2.989887e+06
88 -7.040980e+06 2.313395e+06 -1.155425e+06 7.500814e+06
89 5.540320e+06 3.202424e+06 2.013097e+06 6.708445e+06
90 1.719739e+06 4.968310e+06 -4.888252e+05 5.280204e+06
91 -6.408934e+06 -1.064933e+06 -8.408972e+05 6.551002e+06
92 -3.177456e+06 -2.108095e+04 1.383237e+06 3.465547e+06
93 2.090180e+06 1.416670e+06 -8.966896e+05 2.679526e+06
94 3.725739e+06 2.583540e+06 4.228661e+05 4.553529e+06
95 1.949683e+05 -5.393452e+05 -3.829190e+05 6.895889e+05
96 -1.232783e+06 3.776018e+06 3.467714e+05 3.987269e+06
97 3.508519e+06 6.450038e+06 3.173158e+06 7.998851e+06
98 -3.390951e+06 4.787691e+04 3.649680e+04 3.391486e+06
99 9.555917e+05 2.761212e+06 3.742048e+05 2.945756e+06
100 3.489947e+06 -2.234584e+06 -5.960819e+05 4.186695e+06
101 -3.608795e+06 1.258295e+06 -2.131718e+06 4.376177e+06
102 2.537340e+06 -3.561201e+05 3.684527e+06 4.487833e+06
103 -5.065205e+06 -2.878992e+06 5.316366e+06 7.887246e+06
104 -6.877302e+05 -1.449160e+06 4.709354e+06 4.975043e+06
105 8.314213e+05 1.886013e+06 -2.320058e+06 3.103381e+06
106 -1.134255e+06 4.487529e+05 -1.637157e+05 1.230738e+06
107 -2.925738e+06 -2.308670e+06 -6.074214e+05 3.776090e+06
108 -3.515884e+06 -2.290376e+06 -1.680830e+06 4.520227e+06
109 -3.933719e+06 -4.196076e+06 -4.414739e+06 7.250595e+06
110 -3.426788e+05 -8.707152e+04 -1.566687e+06 1.606088e+06
111 -9.731670e+05 5.829689e+06 -7.979759e+05 5.963983e+06
112 6.437498e+05 -1.900193e+06 -1.741939e+06 2.656971e+06
113 -2.818827e+06 6.628505e+06 -3.193657e+06 7.879233e+06
114 2.150435e+06 -1.267688e+06 -2.466116e+06 3.509008e+06
115 -4.645972e+06 3.033480e+06 1.265285e+06 5.691045e+06
116 -1.211003e+06 -4.247055e+06 6.185910e+05 4.459446e+06
117 1.064018e+06 5.887110e+06 3.610212e+06 6.987405e+06
118 2.447199e+06 1.266128e+06 -1.705494e+06 3.240458e+06
119 -2.797065e+06 -3.234837e+06 6.492755e+05 4.325426e+06
120 -1.635272e+06 2.440147e+06 1.669820e+06 3.378866e+06
121 3.024918e+06 -1.883348e+06 -5.752631e+05 3.609440e+06
122 2.204532e+06 -4.318308e+06 -2.636103e+06 5.518767e+06
123 6.233270e+05 -1.782590e+06 1.969785e+05 1.898674e+06
124 3.635508e+06 -4.324203e+06 -1.525367e+06 5.851701e+06
125 2.933313e+06 2.370248e+06 -1.808286e+06 4.182380e+06
126 2.257031e+06 -8.531123e+05 -3.404133e+06 4.172543e+06
127 -2.104660e+06 -1.430591e+06 1.822671e+06 3.130226e+06
128 -4.435790e+05 3.267239e+06 -4.853431e+03 3.297216e+06
129 2.473003e+06 -2.181406e+05 5.227228e+05 2.537039e+06
130 1.915530e+06 4.274927e+06 -8.542514e+05 4.761723e+06
131 4.555043e+06 -6.825406e+06 3.935734e+06 9.100802e+06
132 -2.331880e+06 -5.652920e+05 -3.260989e+06 4.048613e+06
133 -7.880588e+05 -1.661566e+06 -2.365962e+06 2.996601e+06
134 -2.688894e+06 -4.226118e+06 -1.869570e+06 5.346542e+06
135 -4.232327e+05 5.230215e+06 2.791442e+06 5.943604e+06
136 -3.069030e+06 3.790503e+06 8.470388e+05 4.950185e+06
137 -2.757169e+06 3.718832e+06 2.245832e+06 5.145430e+06
138 -3.960502e+05 5.719491e+06 -2.196569e+06 6.139573e+06
139 -1.637291e+06 -1.057118e+06 -2.341781e+06 3.046664e+06
140 -2.262589e+06 1.734009e+06 -1.803340e+06 3.373148e+06
141 -1.235874e+06 -7.287725e+05 -5.619824e+06 5.800079e+06
142 -1.629681e+06 -7.031256e+05 1.069600e+06 2.072267e+06
143 -2.683562e+05 2.324973e+06 -4.714196e+03 2.340414e+06
144 7.908829e+05 1.674578e+05 -3.542997e+05 8.826472e+05
145 4.269912e+06 -2.901370e+05 -9.906272e+05 4.392911e+06
146 -1.985645e+06 2.106898e+06 1.415635e+06 3.222705e+06
147 6.358959e+05 -1.412744e+06 3.460194e+06 3.791194e+06
148 -8.005280e+06 6.664983e+05 4.913009e+06 9.416283e+06
149 2.597069e+06 9.942166e+05 1.396511e+06 3.111829e+06
150 2.568591e+06 -2.746540e+06 6.707039e+05 3.819815e+06
151 2.487513e+06 2.264330e+06 -7.219659e+06 7.964822e+06
152 3.497631e+06 -2.305292e+06 1.103565e+06 4.331933e+06
153 9.324189e+05 1.804308e+06 3.165351e+05 2.055511e+06
154 3.243802e+06 1.820810e+06 -1.373977e+06 3.965528e+06
155 5.559732e+06 9.788280e+05 -1.709103e+06 5.898284e+06
156 -1.979495e+05 -2.918692e+06 8.473850e+06 8.964602e+06
157 -5.364753e+06 -1.192558e+06 4.207957e+04 5.495865e+06
158 -9.585431e+05 9.854471e+05 -3.744599e+06 3.988977e+06
159 -2.710331e+06 9.936020e+06 -3.098888e+06 1.075516e+07
160 2.789566e+06 2.028371e+06 -1.570445e+06 3.789758e+06
161 4.691981e+05 -1.812697e+06 -9.810466e+05 2.113875e+06
162 1.829586e+06 2.384656e+06 -2.909656e+05 3.019707e+06
163 -3.708106e+06 -3.748736e+06 -5.234333e+05 5.298778e+06
164 -4.535444e+05 -2.649697e+06 -2.609982e+06 3.746813e+06
165 -2.547284e+06 6.561040e+05 4.511018e+06 5.221916e+06
166 1.421482e+06 2.350062e+06 -3.361378e+06 4.340768e+06
167 -1.082931e+06 -1.068296e+06 8.346217e+05 1.735105e+06
168 -5.277784e+05 -3.300168e+06 3.137638e+06 4.584151e+06
169 -9.494783e+05 8.528301e+05 3.877113e+06 4.081768e+06
170 -1.848182e+06 -5.017768e+06 4.270021e+06 6.843015e+06
171 2.049441e+06 5.041426e+06 -1.268416e+06 5.587939e+06
172 2.920499e+06 -2.276577e+06 -6.711649e+04 3.703595e+06
173 5.102934e+06 -1.203384e+06 -2.192742e+05 5.247489e+06
174 -1.453766e+06 2.883582e+06 -1.677684e+06 3.639108e+06
175 -2.229267e+06 -1.573762e+06 1.381386e+05 2.732295e+06
176 1.355345e+06 4.038782e+06 -1.320025e+06 4.459954e+06
177 -9.709841e+05 -2.496162e+06 5.304887e+06 5.942681e+06
178 2.411839e+06 -1.256311e+06 1.906015e+06 3.320870e+06
179 4.041987e+06 -4.270154e+05 -3.973297e+06 5.683933e+06
180 -5.017471e+06 -6.649614e+06 1.303115e+06 8.431518e+06
181 5.159597e+06 1.003240e+06 -1.904633e+06 5.590667e+06
182 -5.482605e+06 -1.904062e+06 -2.588425e+06 6.354869e+06
183 3.932532e+06 8.497243e+05 -4.076944e+05 4.043891e+06
184 -1.342806e+06 -2.535076e+06 -1.621061e+06 3.295083e+06
185 -1.378806e+06 1.553723e+06 -9.726483e+05 2.293732e+06
186 3.634745e+06 9.281269e+05 -2.000789e+06 4.251582e+06
187 1.530327e+06 2.842926e+06 -1.603599e+06 3.604949e+06
188 -3.832043e+06 3.657684e+06 -7.038147e+06 8.809013e+06
189 2.545941e+06 1.925499e+06 1.487772e+06 3.521765e+06
190 -5.860189e+06 5.222868e+05 -6.980985e+06 9.129554e+06
191 3.580744e+06 -5.976660e+06 -2.830081e+03 6.967223e+06
192 4.781596e+06 2.491464e+06 1.130898e+06 5.509082e+06
193 2.533842e+06 -2.129202e+06 -2.281976e+06 4.020108e+06
194 -1.566133e+06 -1.632690e+06 -4.887435e+05 2.314588e+06
195 3.163032e+06 -1.735305e+06 2.624299e+06 4.461278e+06
196 -3.777209e+06 1.290119e+06 -1.104486e+06 4.141449e+06
197 1.753943e+06 -2.165758e+06 1.640551e+06 3.233919e+06
198 3.238918e+06 -2.870588e+06 2.196125e+06 4.853229e+06
199 -2.509969e+06 4.135543e+06 6.213545e+06 7.874694e+06
200 -8.433175e+05 -4.114304e+06 3.209900e+06 5.286033e+06
201 1.240201e+06 -3.052715e+06 -9.223345e+05 3.421676e+06
202 -2.811745e+06 -6.027660e+05 -5.053274e+05 2.919691e+06
203 -1.330249e+06 2.504388e+06 -2.184113e+05 2.844156e+06
204 2.895508e+05 -4.810597e+06 -3.679554e+06 6.063398e+06
205 -3.906076e+06 5.516551e+05 -3.843309e+06 5.507520e+06
206 1.430493e+06 -3.494171e+06 7.440157e+05 3.848260e+06
207 -2.175511e+06 2.638366e+06 8.206346e+05 3.516712e+06
208 -2.505275e+05 -3.466883e+06 9.982770e+05 3.616435e+06
209 2.385105e+06 -2.378365e+06 -1.139801e+05 3.370213e+06
210 3.656338e+06 2.019820e+05 4.520133e+05 3.689705e+06
211 -3.657757e+06 -2.186558e+06 -2.796299e+06 5.097010e+06
212 -5.876867e+05 1.807511e+05 -3.519705e+06 3.573006e+06
213 -3.115066e+06 -1.483111e+06 1.198699e+06 3.652415e+06
214 8.121068e+05 -1.969946e+06 5.274467e+06 5.688603e+06
215 5.909816e+06 -1.419343e+06 6.324739e+06 8.771704e+06
216 -8.030268e+05 8.566126e+04 2.109577e+06 2.258872e+06
217 8.160080e+05 2.742250e+06 1.050808e+06 3.047950e+06
218 -2.881387e+06 2.516647e+06 1.198060e+05 3.827566e+06
219 3.692482e+06 -4.259839e+05 4.502715e+05 3.744146e+06
220 5.204991e+06 6.159401e+05 1.455601e+05 5.243330e+06
221 2.314984e+05 -5.647478e+06 2.843386e+05 5.659368e+06
222 3.384060e+06 3.789875e+05 -4.533230e+05 3.435258e+06
223 -3.775821e+06 3.634381e+06 3.469762e+05 5.252232e+06
224 -3.046090e+06 6.764502e+06 1.538240e+06 7.576499e+06
225 4.666666e+06 8.588197e+05 -5.550922e+05 4.777391e+06
226 7.442044e+05 -9.937209e+05 -2.761152e+06 3.027421e+06
227 2.017520e+06 9.754210e+05 5.043844e+06 5.519256e+06
228 1.283959e+06 5.271333e+06 -2.626206e+06 6.027641e+06
229 1.747006e+06 6.508560e+06 -1.913736e+06 7.005410e+06
230 1.630610e+06 2.386916e+06 2.198666e+06 3.631858e+06
231 2.223591e+06 -2.609654e+06 2.881923e+05 3.440597e+06
232 6.142818e+06 1.465775e+06 9.855888e+05 6.391720e+06
233 1.633022e+05 2.844586e+06 -3.375853e+06 4.417547e+06
234 -1.628412e+06 2.720862e+06 1.559852e+06 3.533830e+06
235 -2.954188e+06 4.212765e+06 -3.148985e+06 6.032472e+06
236 -2.231262e+06 1.457598e+06 3.606447e+06 4.484371e+06
237 -1.496243e+06 -1.771900e+06 -8.790381e+05 2.480138e+06
238 -2.777268e+06 4.004346e+06 2.323162e+06 5.398619e+06
239 -4.623065e+06 -4.367233e+06 -3.072361e+06 7.062921e+06
240 -2.852765e+06 7.994981e+06 -5.231752e+05 8.504805e+06
241 -3.417982e+05 4.115428e+05 8.108273e+05 9.714085e+05
242 -1.123519e+06 4.930442e+05 7.472277e+06 7.572339e+06
243 -8.624130e+05 2.474460e+06 1.860219e+05 2.627035e+06
244 -1.728115e+06 2.902690e+05 -4.051367e+05 1.798547e+06
245 -3.478337e+06 -6.566847e+05 -2.122020e+06 4.127109e+06
246 -5.596683e+05 1.229915e+05 -4.677781e+06 4.712748e+06
247 3.690322e+06 -3.196211e+05 -6.756456e+05 3.765253e+06
248 -3.146248e+04 5.770151e+05 4.099805e+06 4.140331e+06
249 1.894493e+06 -1.670305e+06 7.696074e+05 2.640325e+06
250 -2.170570e+06 1.448930e+06 1.868926e+06 3.209931e+06
251 -1.190376e+06 1.011780e+05 -4.345406e+06 4.506638e+06
252 3.026439e+06 -4.198381e+05 1.708208e+06 3.500510e+06
253 -4.580188e+06 -1.087395e+06 2.798062e+06 5.476285e+06
254 -7.290596e+05 -2.366618e+06 1.963188e+03 2.476371e+06
255 6.173109e+05 -3.627101e+06 6.550831e+05 3.737120e+06
256 -1.490697e+06 1.307148e+06 -1.676355e+06 2.596340e+06
257 4.957461e+06 -5.463833e+05 3.674473e+06 6.194893e+06
258 3.418945e+06 2.109366e+05 -3.041821e+05 3.438925e+06
259 1.703578e+06 -1.378243e+06 2.063827e+06 3.010169e+06
260 3.997085e+06 3.823410e+06 1.511425e+06 5.734070e+06
261 2.980173e+06 1.907687e+06 -1.350274e+06 3.787339e+06
262 2.171371e+06 -4.220720e+06 -8.367411e+06 9.619922e+06
263 9.844563e+05 -4.853332e+06 3.733504e+06 6.201858e+06
264 -6.660454e+06 1.445849e+06 2.170226e+06 7.152762e+06
265 -1.409503e+06 -1.101047e+06 7.396533e+04 1.790105e+06
266 -8.228824e+05 3.120934e+06 -2.957796e+06 4.377889e+06
267 -5.560224e+04 -3.503858e+06 -1.380006e+06 3.766236e+06
268 2.640497e+06 -1.039517e+05 -1.910708e+06 3.260957e+06
269 -2.566873e+06 -2.088751e+06 -1.701752e+06 3.721247e+06
270 -1.983819e+06 -4.719002e+06 1.310873e+06 5.284213e+06
271 2.186888e+06 -1.587402e+05 4.040683e+06 4.597259e+06
272 -5.665383e+06 -6.319092e+05 5.162296e+06 7.690590e+06
273 7.913200e+05 3.676389e+06 -1.095412e+06 3.916880e+06
274 2.223654e+06 -3.327811e+06 4.549055e+06 6.059114e+06
275 -1.475931e+06 3.477927e+06 -3.906215e+06 5.434415e+06
276 3.594843e+05 -1.039283e+06 -6.728219e+06 6.817497e+06
277 -3.597214e+06 -1.032668e+06 -6.103733e+05 3.791953e+06
278 -3.972254e+06 3.611163e+06 -2.874534e+06 6.089520e+06
279 -1.367081e+06 2.264867e+06 6.799989e+05 2.731470e+06
280 -3.245975e+06 -2.004715e+06 -3.407110e+06 5.115040e+06
281 1.687988e+06 -2.952851e+06 -3.662063e+05 3.420927e+06
282 9.464080e+05 -1.259480e+06 1.880333e+06 2.453085e+06
283 7.851851e+05 1.765366e+06 -1.534744e+06 2.467483e+06
284 2.621558e+06 -5.073536e+05 2.646744e+06 3.759685e+06
285 9.273167e+05 1.214579e+06 4.201765e+05 1.584824e+06
286 1.375565e+06 -3.369558e+06 -1.340726e+06 3.878615e+06
287 -2.741199e+06 -2.462935e+06 -2.304434e+06 4.346336e+06
288 -2.286949e+05 3.116845e+06 -1.323048e+06 3.393741e+06
289 -2.680093e+06 2.245727e+06 1.046662e+05 3.498163e+06
290 6.119154e+05 2.346692e+06 3.346167e+06 4.132582e+06
291 -4.235923e+06 4.502307e+06 3.723325e+06 7.216436e+06
292 1.017366e+06 3.119310e+06 3.032426e+06 4.467744e+06
293 -2.452198e+06 2.319025e+06 5.508922e+06 6.460601e+06
294 1.944780e+06 -6.563382e+06 1.913712e+06 7.107914e+06
295 3.588291e+06 7.560274e+05 1.738073e+06 4.058117e+06
296 1.664754e+06 1.754922e+06 4.407934e+06 5.028025e+06
297 2.400148e+06 2.364234e+06 4.633151e+06 5.728560e+06
298 2.377789e+06 1.503320e+06 3.278764e+06 4.320202e+06
299 1.532012e+06 1.004517e+06 3.818438e+06 4.235160e+06
300 1.355922e+06 -2.090336e+06 2.838672e+06 3.777047e+06
301 -6.654653e+05 -1.031411e+06 -2.846417e+06 3.099797e+06
302 2.421230e+06 -1.445274e+06 4.327733e+06 5.165312e+06
303 1.719094e+06 -2.366280e+06 -1.602075e+06 3.334848e+06
304 4.917990e+05 -2.302577e+06 -1.052250e+06 2.578944e+06
305 -6.252422e+05 5.130308e+06 8.086928e+04 5.168900e+06
306 8.917697e+05 1.336129e+05 -2.561936e+06 2.715994e+06
307 5.956379e+05 -1.375469e+06 3.031859e+06 3.382139e+06
308 1.171489e+06 -1.571240e+06 1.580815e+06 2.517967e+06
309 2.634737e+06 2.440035e+04 -1.841901e+06 3.214815e+06
310 -3.991833e+06 -6.636301e+05 1.707602e+06 4.392156e+06
311 2.611410e+06 1.614178e+06 -4.357213e+06 5.330135e+06
312 1.947080e+05 -3.912633e+05 -4.234452e+06 4.256945e+06
313 -1.351290e+06 -2.112389e+06 1.256091e+06 2.804627e+06
314 -7.605793e+04 -2.676276e+05 -5.525695e+06 5.532695e+06
315 2.774605e+06 2.365407e+06 4.088711e+05 3.668891e+06
316 -2.339765e+05 1.789007e+06 -1.912152e+06 2.628996e+06
317 -1.055762e+06 2.267367e+04 1.700719e+06 2.001897e+06
318 -5.100158e+06 3.555983e+05 -2.460702e+04 5.112599e+06
319 1.759508e+06 1.805766e+06 5.332681e+06 5.898656e+06
320 -3.182444e+05 2.418021e+06 -4.336709e+06 4.975455e+06
321 -2.703700e+06 2.061967e+06 -5.118263e+06 6.144779e+06
322 4.263772e+06 5.723617e+05 -1.906332e+06 4.705470e+06
323 2.978757e+04 1.033969e+06 1.344953e+06 1.696725e+06
324 -4.953732e+06 4.206216e+06 -6.680003e+05 6.532835e+06
325 -4.564398e+06 -2.082710e+05 1.239035e+06 4.734165e+06
326 5.849131e+06 -2.140771e+06 -1.700512e+06 6.456546e+06
327 3.883665e+06 -3.941334e+06 -7.204881e+06 9.084452e+06
328 3.560406e+06 -5.982860e+05 -2.102628e+06 4.177976e+06
329 -1.080112e+06 1.396817e+06 2.355851e+05 1.781359e+06
330 2.722739e+06 -1.957479e+06 9.497940e+05 3.485275e+06
331 1.710346e+06 5.683177e+05 3.825940e+04 1.802702e+06
332 -1.908448e+06 1.264761e+06 -2.378612e+06 3.301453e+06
333 -3.308833e+06 3.137224e+05 -2.069786e+06 3.915458e+06
334 2.640813e+06 -3.325531e+06 -2.030500e+06 4.707014e+06
335 1.752842e+06 -1.077276e+06 -4.457200e+06 4.909136e+06
336 4.507883e+06 -1.340438e+06 3.242824e+06 5.712591e+06
337 2.467219e+06 -1.808123e+06 -2.530031e+06 3.969577e+06
338 2.258078e+06 -4.410418e+06 8.236119e+05 5.022851e+06
339 1.826844e+06 2.787810e+06 -2.315758e+05 3.341088e+06
340 -9.795869e+05 -1.290248e+05 1.209387e+06 1.561683e+06
341 -9.852398e+05 -7.345217e+05 7.384932e+06 7.486484e+06
342 1.101265e+06 -3.758454e+06 -2.042678e+06 4.417159e+06
343 1.615496e+06 4.918235e+05 1.753656e+06 2.434549e+06
344 -3.835728e+05 3.225108e+05 1.273444e+06 1.368503e+06
345 3.035265e+05 5.712430e+06 -2.260535e+06 6.150935e+06
346 -5.827119e+06 -6.096215e+06 5.199622e+06 9.907332e+06
347 -6.296654e+05 -2.666534e+06 1.450949e+06 3.100345e+06
348 3.252778e+05 9.071151e+05 -2.558066e+06 2.733562e+06
349 -3.315908e+06 -3.230488e+05 3.902716e+06 5.131354e+06
350 4.189687e+06 -4.452353e+06 2.083535e+06 6.458951e+06
351 -2.502171e+06 -3.065577e+06 1.475329e+06 4.223176e+06
352 -2.344589e+06 1.106548e+06 1.101417e+06 2.816854e+06
353 3.674396e+05 1.253464e+06 -9.055719e+05 1.589416e+06
354 6.042531e+06 2.692221e+06 -7.108976e+05 6.653240e+06
355 2.075489e+06 -9.725924e+05 1.983113e+06 3.030896e+06
356 -7.051244e+06 -1.208719e+04 -2.821768e+05 7.056898e+06
357 2.837476e+06 -2.425900e+06 7.398476e+05 3.805737e+06
358 -7.501592e+05 -2.397908e+06 3.849776e+06 4.597116e+06
359 -2.277887e+05 -3.613571e+06 6.118950e+06 7.109946e+06
360 1.344327e+06 -4.973598e+06 -1.015638e+06 5.251229e+06
361 -4.523943e+06 1.461608e+06 -2.002843e+05 4.758411e+06
362 -6.841058e+05 -1.453343e+06 7.190418e+05 1.759894e+06
363 1.519075e+06 1.158855e+06 -1.857998e+06 2.665087e+06
364 3.155203e+06 -2.780289e+06 -1.377143e+05 4.207645e+06
365 -2.494484e+06 3.606052e+06 2.706536e+06 5.152805e+06
366 -1.747508e+06 3.759073e+06 -4.221141e+06 5.916287e+06
367 -2.213122e+06 -8.558490e+05 -1.221623e+06 2.668848e+06
368 -3.182802e+06 1.377973e+06 -6.925290e+05 3.536754e+06
369 -3.486654e+05 1.688822e+06 1.808167e+06 2.498631e+06
370 9.119106e+05 -5.047875e+06 7.205854e+05 5.179949e+06
371 -7.892250e+05 3.637116e+06 1.384778e+06 3.971032e+06
372 6.924180e+04 2.481479e+06 2.925357e+06 3.836697e+06
373 -4.093552e+05 2.776607e+06 4.174026e+06 5.029872e+06
374 2.921880e+06 -1.952436e+06 1.866211e+06 3.978962e+06
375 3.799889e+06 -4.292842e+06 3.420910e+06 6.676097e+06
376 -1.869216e+06 -9.759929e+05 -6.812287e+06 7.131184e+06
377 3.561702e+06 3.489268e+06 -3.500210e+06 6.091977e+06
378 1.337267e+06 7.410620e+05 -2.474471e+06 2.908687e+06
379 -4.873434e+06 7.441680e+05 1.799714e+06 5.248154e+06
380 -1.133195e+06 -1.276930e+06 -8.144954e+05 1.891582e+06
381 -4.584042e+06 -3.033045e+06 -2.117660e+06 5.890440e+06
382 -3.121458e+06 9.168505e+05 -1.145434e+06 3.449077e+06
383 6.527562e+05 -5.087995e+05 -4.721276e+06 4.793267e+06
384 -5.256050e+06 2.548941e+05 -8.470846e+05 5.329970e+06
385 -6.324353e+05 4.629614e+06 2.211745e+06 5.169634e+06
386 -4.253355e+06 -8.844472e+05 2.820413e+06 5.179575e+06
387 -7.196149e+05 -2.158637e+05 -4.604781e+06 4.665667e+06
388 1.362588e+06 -3.224795e+05 5.954892e+05 1.521594e+06
389 -2.784926e+06 8.147120e+05 -1.188581e+06 3.135648e+06
390 -2.448303e+06 3.926900e+06 -1.235358e+06 4.789660e+06
391 -2.575413e+06 -5.963059e+06 -1.634949e+06 6.698051e+06
392 -8.110541e+05 3.334236e+06 -1.550136e+06 3.765350e+06
393 -1.301428e+06 -3.056466e+06 -8.768249e+05 3.435771e+06
394 -1.822203e+06 -1.262730e+06 -8.365338e+05 2.369536e+06
395 1.715541e+06 -1.899500e+04 1.775628e+06 2.469068e+06
396 1.028174e+06 3.296885e+06 3.408351e+06 4.852160e+06
397 3.966456e+06 9.155363e+05 4.198976e+06 5.848280e+06
398 -1.362831e+06 3.755027e+06 3.412083e+06 5.253555e+06
399 -1.381777e+06 -2.045515e+06 3.933611e+06 4.644000e+06
400 -9.887954e+05 2.838155e+06 -3.558145e+06 4.657600e+06
401 1.629569e+06 8.716170e+05 -2.118505e+06 2.811277e+06
402 -2.600341e+06 -1.896645e+05 2.147154e+05 2.616075e+06
403 -4.279709e+06 -6.566324e+06 5.394455e+06 9.514865e+06
404 -2.531861e+06 -9.987820e+05 -3.549229e+06 4.472685e+06
405 1.261120e+06 1.342616e+06 1.991318e+06 2.712635e+06
406 2.558951e+05 2.662610e+06 -2.950399e+05 2.691100e+06
407 -2.715130e+06 3.295457e+06 -1.378736e+06 4.486968e+06
408 4.347449e+06 2.079865e+06 6.656765e+05 4.865108e+06
409 3.846883e+06 -1.450209e+06 -1.104094e+06 4.256835e+06
410 -4.003917e+06 -1.851023e+06 -4.092314e+06 6.017032e+06
411 7.583943e+05 3.877768e+06 -3.006592e+05 3.962656e+06
412 -6.451803e+05 2.970786e+06 4.452252e+06 5.391138e+06
413 3.788742e+06 2.363071e+06 6.415205e+06 7.816235e+06
414 2.155324e+06 -2.237788e+06 -5.994629e+06 6.751940e+06
415 -2.357981e+05 5.559027e+06 1.213068e+06 5.694727e+06
416 -1.883085e+06 2.082237e+06 1.208214e+06 3.056387e+06
417 -5.756717e+06 -3.883976e+06 7.457578e+05 6.984355e+06
418 -3.079118e+06 9.664565e+05 4.188961e+06 5.287948e+06
419 1.401458e+06 1.466518e+06 1.174019e+06 2.343732e+06
420 -3.087254e+06 -1.760799e+06 1.149965e+06 3.735502e+06
421 -1.219468e+06 -8.184561e+05 1.286698e+06 1.952579e+06
422 1.852542e+06 -3.520874e+06 -1.443467e+06 4.232264e+06
423 -3.555018e+06 -4.208818e+06 -7.601310e+05 5.561484e+06
424 -2.436425e+06 -1.224372e+06 -3.558431e+05 2.749887e+06
425 3.605994e+06 5.129701e+06 -2.416624e+05 6.274984e+06
426 7.112272e+05 2.958536e+06 2.599525e+06 4.002038e+06
427 1.645870e+06 -1.518707e+06 -1.031553e+06 2.465656e+06
428 -2.611869e+05 1.460639e+06 8.058251e+05 1.688502e+06
429 -6.647651e+05 5.197629e+05 -1.648018e+06 1.851494e+06
430 1.110393e+06 -1.365161e+06 2.000743e+06 2.664510e+06
431 3.329654e+06 1.748852e+06 -1.438516e+06 4.026712e+06
432 5.064608e+06 6.574940e+05 -2.200934e+06 5.561174e+06
433 -4.544214e+04 3.263670e+06 4.258176e+06 5.365228e+06
434 3.369279e+06 1.531009e+06 -2.425124e+06 4.424619e+06
435 -8.974338e+05 -1.795889e+06 -1.141365e+06 2.309398e+06
436 -1.266015e+06 -1.235236e+06 -1.850477e+06 2.559857e+06
437 -3.676100e+05 2.439214e+06 3.666851e+05 2.493864e+06
438 3.734342e+05 -2.055692e+06 2.035068e+06 2.916647e+06
439 -1.272365e+06 4.377132e+05 -5.804685e+06 5.958597e+06
440 7.184669e+05 2.496740e+05 1.240965e+06 1.455515e+06
441 -2.546696e+06 6.994632e+05 5.058659e+06 5.706570e+06
442 5.841089e+05 1.050809e+06 1.951675e+06 2.292252e+06
443 -2.477003e+06 -2.828968e+06 9.329199e+04 3.761291e+06
444 -5.051801e+06 1.203177e+06 -2.358151e+06 5.703438e+06
445 3.317879e+06 1.132044e+06 2.979023e+06 4.600480e+06
446 -1.002805e+06 -3.222193e+06 -3.217678e+05 3.389938e+06
447 -1.465698e+06 1.411561e+06 -3.380012e+05 2.062770e+06
448 7.138424e+05 1.369226e+06 2.704822e+06 3.114548e+06
449 7.062619e+05 1.788618e+06 2.502637e+06 3.156129e+06
450 9.944565e+05 3.290655e+06 2.477176e+06 4.237187e+06
451 6.906110e+06 -1.790880e+06 -3.630129e+06 8.004964e+06
452 3.150766e+06 -1.545428e+06 2.883821e+06 4.542257e+06
453 -2.858733e+06 1.924014e+06 2.293484e+06 4.139355e+06
454 3.366644e+06 -2.794838e+06 2.063669e+06 4.837783e+06
455 -5.193465e+06 1.786439e+06 3.055334e+06 6.284783e+06
456 -4.492648e+06 -2.897858e+05 -8.294302e+05 4.577752e+06
457 -2.432990e+06 -5.407644e+06 4.973781e+05 5.950583e+06
458 -5.407195e+06 2.783083e+05 2.963937e+06 6.172531e+06
459 -2.555390e+06 -5.102407e+06 3.592458e+05 5.717835e+06
460 7.149093e+06 -1.167703e+06 -7.523924e+05 7.282798e+06
461 -3.757045e+06 2.347770e+06 -4.931641e+05 4.457648e+06
462 2.215234e+05 3.799386e+06 3.312700e+06 5.045631e+06
463 -3.090420e+05 9.303589e+05 -1.117536e+06 1.486594e+06
464 -1.561004e+06 -1.866783e+06 -2.619393e+06 3.575308e+06
465 -4.345778e+06 2.362723e+06 9.810296e+04 4.947512e+06
466 -2.485647e+06 -5.595067e+05 1.801822e+06 3.120585e+06
467 -3.016632e+06 5.071065e+05 -2.155171e+05 3.066541e+06
468 2.183841e+05 9.617126e+05 1.624806e+06 1.900678e+06
469 2.157663e+05 5.729299e+06 3.391196e+05 5.743381e+06
470 -6.218700e+06 2.013164e+06 -1.181989e+04 6.536452e+06
471 5.666467e+06 -1.824864e+06 -1.116098e+06 6.056785e+06
472 -2.179619e+06 -2.794874e+06 2.877529e+05 3.555962e+06
473 -3.675874e+06 -1.828612e+06 -4.018325e+06 5.744807e+06
474 -2.566330e+06 -9.437424e+04 -2.097620e+06 3.315866e+06
475 3.031349e+06 -2.214060e+06 -7.692801e+05 3.831831e+06
476 3.743628e+06 -2.104782e+06 -7.420476e+05 4.358382e+06
477 -4.198297e+06 2.590868e+06 -2.273251e+06 5.431939e+06
478 1.658906e+06 5.132562e+05 2.635296e+05 1.756373e+06
479 8.601359e+05 -4.699121e+06 7.851454e+04 4.777838e+06
480 1.308564e+06 -4.897235e+05 1.163938e+06 1.818494e+06
481 -6.979933e+05 2.964020e+06 4.997425e+06 5.852082e+06
482 -1.212763e+06 -1.258615e+05 -4.563262e+06 4.723346e+06
483 4.523959e+05 -4.068884e+06 2.548197e+06 4.822218e+06
484 4.698025e+06 2.923960e+05 1.213593e+06 4.861043e+06
485 -3.033519e+06 -5.591249e+05 3.766507e+06 4.868412e+06
486 6.824912e+05 -7.339575e+05 1.183890e+06 1.551155e+06
487 -3.817597e+06 -1.277420e+06 9.481763e+05 4.135806e+06
488 -1.116304e+06 4.218913e+06 -1.019719e+06 4.481650e+06
489 5.991260e+05 -7.305234e+06 4.671212e+04 7.329910e+06
490 2.366808e+06 -5.970554e+06 -3.973560e+05 6.434841e+06
491 1.559930e+06 -2.414393e+06 -2.130006e+05 2.882368e+06
492 -5.011640e+06 -1.179083e+06 3.344516e+06 6.139427e+06
493 2.551214e+06 -3.852711e+06 -3.958097e+06 6.084292e+06
494 6.181294e+06 -5.806987e+06 -1.101952e+06 8.552414e+06
495 -5.775205e+06 1.165429e+06 -3.498066e+06 6.851838e+06
496 1.131605e+06 2.352762e+06 3.491730e+05 2.633998e+06
497 -1.170790e+06 -3.586340e+06 -6.815505e+06 7.789974e+06
498 3.149351e+06 2.534584e+05 -1.085002e+06 3.340641e+06
499 -2.372135e+06 1.766560e+06 4.741554e+06 5.588389e+06
500 4.969796e+05 -3.126163e+06 -1.103057e+06 3.352107e+06
501 -3.980673e+06 -9.331391e+04 -3.841328e+06 5.532655e+06
502 -1.911001e+06 -2.649768e+06 -3.339258e+06 4.671599e+06
503 -4.977900e+06 -1.414751e+06 -7.336142e+06 8.977750e+06
504 1.899110e+06 1.359961e+06 -2.168631e+06 3.187330e+06
505 2.016991e+06 1.342420e+06 -8.462269e+06 8.802292e+06
506 3.234203e+05 3.741070e+06 -1.160626e+06 3.930300e+06
507 -1.400688e+06 -7.550469e+05 6.228908e+06 6.428944e+06
508 -4.730822e+06 -2.155449e+06 -1.104456e+06 5.314740e+06
509 -2.408579e+06 -3.367901e+06 -5.396376e+06 6.801829e+06
510 -1.287281e+06 5.199875e+06 -1.304499e+06 5.513394e+06
511 2.757856e+06 -1.298089e+06 -3.055595e+06 4.315954e+06
512 -2.621175e+06 -2.559112e+06 1.385851e+06 3.916657e+06
513 1.286448e+05 -3.241647e+06 4.276990e+05 3.272270e+06
514 8.509388e+06 2.833510e+05 -1.687428e+06 8.679711e+06
515 5.471702e+06 1.176176e+06 -6.137493e+05 5.630239e+06
516 5.327654e+06 -2.075720e+06 8.847025e+05 5.785776e+06
517 -1.216641e+04 -3.828250e+06 2.681465e+06 4.673960e+06
518 -3.686614e+06 5.188488e+05 -3.799126e+06 5.319181e+06
519 -1.173599e+06 -2.505764e+05 -1.548395e+06 1.958992e+06
520 -1.661544e+06 -4.171725e+05 -6.775807e+05 1.842248e+06
521 -1.765873e+06 -7.979303e+04 -5.183413e+05 1.842105e+06
522 -2.856573e+06 3.762064e+06 2.938472e+06 5.563070e+06
523 -2.685012e+06 2.153942e+05 -1.500880e+06 3.083557e+06
524 -2.582325e+06 5.929361e+06 5.029742e+06 8.192925e+06
525 9.810707e+05 -2.451458e+06 4.173281e+05 2.673258e+06
526 -2.945216e+06 7.890018e+05 1.702829e+06 3.492341e+06
527 -6.482019e+06 1.392321e+06 -5.584420e+06 8.668384e+06
528 1.238236e+06 -5.481975e+05 -5.779839e+06 5.936353e+06
529 -1.473485e+06 -2.940977e+06 -7.027998e+05 3.363693e+06
530 -2.228055e+06 -4.064722e+06 4.827975e+06 6.692948e+06
531 5.173620e+06 -8.383888e+05 3.806186e+05 5.254913e+06
532 1.965980e+06 -1.392955e+06 4.182949e+06 4.827262e+06
533 -2.802034e+06 -1.563647e+06 6.563340e+06 7.305739e+06
534 1.724093e+05 5.345054e+06 -1.537186e+06 5.564375e+06
535 4.684983e+06 5.657995e+04 -6.738482e+06 8.207278e+06
536 -2.803633e+06 -3.058053e+06 -3.352346e+06 5.333879e+06
537 -1.356601e+06 1.525872e+06 -3.220040e+05 2.066964e+06
538 -2.206117e+06 -4.389756e+06 -2.784471e+06 5.647140e+06
539 -1.567757e+06 5.506493e+05 -2.108389e+06 2.684470e+06
540 -1.384630e+06 -6.024332e+06 -3.442507e+06 7.075354e+06
541 -9.257463e+05 1.489671e+06 1.628420e+06 2.393299e+06
542 -2.566352e+06 -4.698898e+05 -2.117253e+06 3.360017e+06
543 2.678803e+06 1.841692e+06 1.745256e+06 3.689679e+06
544 2.271183e+06 -1.654562e+06 3.886105e+06 4.795588e+06
545 -6.976793e+05 -1.515537e+06 -5.160871e+06 5.423855e+06
546 7.796982e+05 -5.036855e+05 9.672485e+03 9.282898e+05
547 2.603754e+05 -1.224536e+06 -5.815883e+06 5.949099e+06
548 -5.285805e+06 -1.110140e+06 3.612395e+06 6.497810e+06
549 -2.765953e+05 -1.787938e+06 6.655649e+05 1.927746e+06
550 1.537598e+06 2.729027e+06 2.608867e+06 4.076516e+06
551 -3.808783e+05 -2.348031e+06 4.796555e+06 5.353994e+06
552 -5.326188e+05 -2.802537e+05 3.662116e+06 3.711242e+06
553 -3.654214e+06 1.087777e+06 -1.933204e+06 4.274788e+06
554 -4.163081e+06 1.030183e+06 2.418885e+06 4.923771e+06
555 1.520342e+06 1.147957e+06 -2.349997e+06 3.025183e+06
556 -3.778459e+06 -3.973783e+05 -9.817470e+05 3.924091e+06
557 4.509854e+06 -2.738057e+06 -8.550234e+05 5.344792e+06
558 1.494363e+06 3.868144e+06 -1.772650e+06 4.509761e+06
559 -3.374314e+04 6.527231e+05 3.061343e+06 3.130337e+06
560 2.040852e+06 1.614967e+06 -1.791715e+06 3.159658e+06
561 1.491103e+06 -1.690212e+06 1.055205e+06 2.488707e+06
562 5.463507e+05 -4.868688e+06 4.558910e+06 6.692255e+06
563 4.835787e+05 -2.056574e+06 2.282791e+06 3.110382e+06
564 4.816694e+06 1.115967e+05 3.735007e+06 6.096169e+06
565 7.142807e+06 1.564985e+06 1.473738e+06 7.459274e+06
566 -9.077942e+05 2.504416e+06 -5.767485e+06 6.352958e+06
567 1.815384e+06 -7.045488e+06 3.426662e+06 8.042172e+06
568 2.455780e+06 -2.482610e+06 7.675629e+06 8.432644e+06
569 2.306688e+06 4.455987e+06 1.079432e+06 5.132426e+06
570 -1.232894e+06 4.764351e+06 6.451398e+06 8.114161e+06
571 -2.714238e+06 -3.225471e+05 1.897469e+06 3.327388e+06
572 -4.352361e+06 3.069631e+06 1.690927e+06 5.587926e+06
573 -4.411972e+06 3.440762e+06 -7.489523e+05 5.644934e+06
574 5.880411e+06 -2.591746e+06 1.867819e+06 6.692169e+06
575 3.171544e+06 -7.404213e+05 7.419005e+05 3.340259e+06
576 3.095724e+06 -4.906739e+06 -3.639711e+06 6.848875e+06
577 -2.557218e+06 1.937917e+06 -5.716747e+06 6.555615e+06
578 3.142026e+06 2.960132e+06 -6.813819e+06 8.066154e+06
579 -2.124442e+06 -1.032665e+06 4.369627e+06 4.967221e+06
580 -2.598331e+05 -2.278953e+06 3.811759e+06 4.448668e+06
581 8.010767e+05 3.471529e+05 6.657794e+05 1.097953e+06
582 -2.358303e+06 -1.208016e+06 -1.522911e+06 3.056166e+06
583 1.302886e+06 8.102934e+05 1.148659e+05 1.538597e+06
584 -2.857575e+06 -9.093937e+05 4.440387e+06 5.358149e+06
585 -4.696778e+05 5.041259e+06 -1.558896e+06 5.297645e+06
586 7.432469e+05 1.815044e+06 -6.598974e+06 6.884276e+06
587 -2.107999e+06 -2.051745e+06 -4.744507e+06 5.582442e+06
588 -3.599546e+06 -3.984356e+05 4.606061e+05 3.650704e+06
589 3.519748e+05 -2.679306e+06 -5.025534e+06 5.706011e+06
590 -1.812065e+06 -5.802746e+05 -6.218276e+06 6.502865e+06
591 -5.390442e+06 4.169984e+05 3.027283e+06 6.196385e+06
592 -2.619607e+05 4.560416e+06 8.536357e+05 4.647011e+06
593 5.492340e+06 4.504610e+05 -1.594862e+06 5.736924e+06
594 -6.981708e+05 4.164120e+05 3.270075e+06 3.369604e+06
595 1.827350e+06 2.303661e+06 4.935156e+06 5.744721e+06
596 2.250512e+06 4.290266e+05 -9.662643e+05 2.486470e+06
597 2.447965e+06 -1.033536e+06 -2.538037e+06 3.674555e+06
598 3.461757e+06 3.832016e+05 -4.515473e+04 3.483195e+06
599 6.108647e+06 -4.111056e+06 1.555010e+06 7.525583e+06
600 9.113552e+05 7.321181e+06 3.606543e+06 8.212028e+06
601 -2.010573e+06 4.290109e+06 -3.098066e+06 5.660870e+06
602 4.276534e+05 3.824515e+06 -3.135113e+06 4.963743e+06
603 4.514980e+06 1.322607e+06 7.739205e+05 4.767943e+06
604 -2.697662e+06 1.573988e+06 3.031564e+06 4.352608e+06
605 5.003863e+06 -2.535374e+06 3.876707e+05 5.622904e+06
606 -2.630473e+06 6.946076e+05 -4.914392e+05 2.764667e+06
607 -6.934141e+05 -2.664913e+06 -4.092739e+06 4.932859e+06
608 -4.659602e+06 8.919863e+05 -3.131656e+06 5.684611e+06
609 -5.191883e+05 -2.954708e+05 1.003107e+06 1.167512e+06
610 2.698535e+06 -8.823421e+05 1.457491e+06 3.191379e+06
611 -2.549858e+05 -2.802993e+06 -5.593367e+06 6.261593e+06
612 -1.828337e+06 3.134193e+06 2.476718e+06 4.393189e+06
613 -1.726670e+06 8.257515e+05 -5.221011e+05 1.983896e+06
614 3.405551e+06 4.029716e+06 1.615850e+06 5.517912e+06
615 -3.209342e+06 -2.800861e+06 3.664097e+06 5.618746e+06
616 2.795835e+06 -3.031928e+05 1.457927e+06 3.167676e+06
617 5.114843e+04 4.217994e+06 6.364403e+05 4.266046e+06
618 -1.691400e+04 -4.782548e+06 1.524836e+06 5.019778e+06
619 -3.104845e+06 -1.723557e+05 -4.876671e+06 5.783744e+06
620 2.388007e+06 -1.640319e+06 -5.075360e+06 5.844015e+06
621 2.372382e+06 2.032157e+06 -4.073797e+05 3.150209e+06
622 -1.931359e+06 -3.794430e+06 -1.808351e+06 4.625795e+06
623 -2.822512e+06 5.141601e+06 -2.422434e+06 6.345930e+06
624 1.487008e+06 -9.616247e+05 5.440592e+06 5.721535e+06
625 -3.502141e+06 3.821106e+05 1.155984e+06 3.707735e+06
626 -4.629523e+06 1.685980e+06 2.988868e+04 4.927059e+06
627 2.720436e+05 3.934773e+06 -2.540740e+06 4.691674e+06
628 -4.629565e+06 -4.345844e+06 -1.336555e+06 6.488884e+06
629 -5.778095e+06 -3.065181e+06 2.733031e+06 7.088806e+06
630 1.310759e+06 -5.915187e+06 -1.878167e+06 6.343110e+06
631 -7.972542e+05 3.191139e+06 9.374479e+05 3.420203e+06
632 1.887234e+06 6.546863e+06 -5.190278e+05 6.833188e+06
633 5.238007e+06 -1.516204e+06 2.135572e+06 5.856301e+06
634 -4.855352e+06 3.826323e+06 3.691126e+06 7.199972e+06
635 -2.314245e+05 -2.657258e+06 -5.531139e+06 6.140690e+06
636 2.363432e+06 2.203187e+06 -9.939477e+05 3.380499e+06
637 1.520275e+06 1.664077e+06 -2.374252e+06 3.273754e+06
638 1.109770e+06 2.511685e+06 -4.856104e+06 5.578700e+06
639 -3.074005e+05 -3.411909e+06 -1.074362e+06 3.590247e+06
640 -1.785961e+06 -2.641326e+06 1.456469e+06 3.505362e+06
641 1.341451e+06 9.583617e+05 1.985820e+06 2.580975e+06
642 2.184400e+05 -1.957683e+06 -1.526935e+06 2.492342e+06
643 1.435690e+06 1.454216e+06 -7.828810e+05 2.188345e+06
644 -2.581742e+06 2.168248e+05 1.196928e+06 2.853951e+06
645 2.089945e+06 1.174433e+05 2.729136e+06 3.439454e+06
646 7.169666e+06 4.593349e+06 2.279355e+06 8.814671e+06
647 3.215347e+05 5.155647e+05 -2.444468e+06 2.518852e+06
648 1.253383e+06 -1.946979e+06 -2.269216e+06 3.242073e+06
649 4.910115e+06 9.608701e+04 -3.242058e+06 5.884675e+06
650 -1.911352e+06 -8.229382e+06 -2.394503e+06 8.781210e+06
651 -1.217746e+06 -4.664217e+06 -4.291955e+06 6.454355e+06
652 2.106775e+06 1.118303e+06 3.766429e+05 2.414739e+06
653 -1.289977e+06 2.046897e+06 -5.717834e+06 6.208660e+06
654 5.599458e+06 1.365086e+06 2.418580e+06 6.250353e+06
655 -2.969115e+06 2.005782e+06 -3.037172e+04 3.583256e+06
656 2.168431e+06 -9.387594e+05 2.923962e+06 3.759377e+06
657 9.002880e+05 7.696551e+05 -7.114840e+04 1.186570e+06
658 -2.951687e+06 3.224424e+05 -4.178509e+06 5.126048e+06
659 -5.374153e+05 1.083510e+06 3.913373e+05 1.271201e+06
660 -2.667711e+06 -2.061044e+06 -4.344382e+06 5.498931e+06
661 -5.436701e+06 2.803928e+06 -1.889325e+06 6.402288e+06
662 -3.520195e+06 -4.219606e+06 -1.764198e+06 5.771416e+06
663 3.839129e+06 -1.803826e+05 5.004616e+06 6.310121e+06
664 -3.423345e+06 -2.811854e+05 2.275098e+06 4.120003e+06
665 1.437608e+06 -2.109219e+06 -4.100107e+06 4.829741e+06
666 3.729626e+06 -6.891809e+05 4.556822e+06 5.928719e+06
667 -5.299204e+06 -7.879891e+05 -1.945966e+06 5.699937e+06
668 -3.325577e+06 1.151297e+06 -5.863920e+06 6.838896e+06
669 -4.205378e+06 6.548739e+06 4.976763e+06 9.237930e+06
670 1.682901e+06 -5.406342e+05 3.685798e+06 4.087731e+06
671 -2.265728e+06 3.394620e+05 -3.209059e+06 3.942945e+06
672 -3.499813e+04 1.979430e+06 -4.528227e+06 4.942085e+06
673 -2.552589e+05 3.126642e+06 4.384294e+06 5.391019e+06
674 -1.603949e+06 8.643931e+05 -4.728001e+05 1.882384e+06
675 -2.105283e+06 -4.001547e+05 -1.812517e+06 2.806699e+06
676 8.600382e+06 -1.324706e+06 -2.094215e+06 8.950260e+06
677 -2.619498e+06 1.406649e+06 -2.733279e+06 4.038718e+06
678 -5.908823e+05 3.687576e+06 -4.096101e+06 5.543050e+06
679 -1.448251e+06 -2.422998e+06 4.393512e+05 2.856812e+06
680 1.185377e+06 -2.368840e+06 -2.449885e+06 3.608110e+06
681 2.914260e+06 -2.874043e+06 8.910443e+04 4.094017e+06
682 -3.633326e+06 -4.704152e+06 2.305874e+05 5.948384e+06
683 -2.942310e+06 1.983588e+06 -1.194050e+06 3.744004e+06
684 9.641864e+04 3.100365e+06 9.379804e+05 3.240581e+06
685 -3.332842e+06 8.146200e+05 1.526430e+06 3.755187e+06
686 -3.145076e+06 -3.235674e+06 -3.318133e+03 4.512327e+06
687 -4.942481e+06 -2.627904e+06 1.843942e+06 5.893566e+06
688 -6.257539e+05 2.256661e+06 1.062838e+06 2.571714e+06
689 -2.342845e+06 4.294374e+06 -1.798540e+06 5.212035e+06
690 -9.356888e+05 -5.080996e+05 -2.178185e+06 2.424493e+06
691 -2.375680e+06 2.408249e+06 -2.811211e+06 4.398457e+06
692 5.224991e+05 -1.745669e+06 -1.116962e+06 2.137281e+06
693 5.587427e+05 -9.685822e+05 1.562385e+06 1.921300e+06
694 2.757509e+06 -1.688235e+06 6.952070e+05 3.307160e+06
695 4.352684e+05 6.586012e+05 5.758917e+04 7.915369e+05
696 -5.220274e+06 1.789892e+06 1.687781e+05 5.521183e+06
697 -9.752356e+05 -2.355798e+06 -1.186703e+06 2.812318e+06
698 -3.807998e+06 -4.385367e+06 -6.659047e+05 5.846001e+06
699 1.411009e+06 1.797393e+06 -6.085842e+06 6.500695e+06
700 -1.300922e+06 1.487501e+06 -2.455121e+06 3.151615e+06
701 2.523479e+06 2.380272e+06 -1.311179e+06 3.708481e+06
702 -6.025190e+06 -5.302690e+05 -1.701491e+06 6.283245e+06
703 -2.367249e+05 -1.431276e+05 1.302772e+06 1.331818e+06
704 8.991210e+05 -3.465749e+06 1.248704e+06 3.791978e+06
705 -8.954822e+05 -2.791642e+06 -1.019245e+06 3.103870e+06
706 -1.586439e+06 -4.810194e+05 -1.607530e+06 2.309182e+06
707 -8.995775e+04 4.852823e+05 -5.687001e+06 5.708378e+06
708 -2.369794e+06 -2.640287e+06 5.467458e+05 3.589704e+06
709 3.011288e+06 2.604009e+06 -4.220101e+06 5.801549e+06
710 6.014935e+06 2.163443e+06 1.282126e+06 6.519491e+06
711 -3.040663e+05 5.580977e+06 -2.737797e+06 6.223768e+06
712 -1.950660e+06 7.548599e+04 -4.339371e+05 1.999768e+06
713 5.112179e+06 1.590799e+06 2.480624e+06 5.900722e+06
714 -2.393941e+06 -3.367985e+06 5.690174e+06 7.032237e+06
715 5.447799e+05 1.672739e+06 4.524886e+06 4.854836e+06
716 -3.755660e+06 2.278272e+06 -3.574086e+06 5.663002e+06
717 -3.507234e+06 -2.105547e+06 1.059158e+06 4.225617e+06
718 -1.631616e+06 -1.058116e+06 -2.905740e+06 3.496442e+06
719 -3.221905e+06 -7.587038e+05 -1.059684e+06 3.475519e+06
720 1.068935e+06 2.199269e+06 1.251663e+06 2.747011e+06
721 -3.705231e+06 -9.904219e+05 -1.639852e+06 4.171185e+06
722 1.423866e+05 6.099185e+06 1.982285e+06 6.414810e+06
723 -3.614920e+05 3.312134e+06 -2.930650e+06 4.437299e+06
724 -1.531264e+06 6.392208e+05 -4.141335e+06 4.461393e+06
725 -5.085396e+06 1.645521e+06 -3.714305e+06 6.508844e+06
726 5.245749e+05 2.269924e+06 -1.092475e+06 2.573176e+06
727 2.664772e+06 2.694467e+06 4.965503e+06 6.246390e+06
728 -1.342583e+06 1.489686e+06 5.941596e+05 2.091583e+06
729 2.894813e+06 4.985987e+06 -4.939448e+06 7.591980e+06
730 -1.189485e+05 3.658251e+05 2.138793e+06 2.173111e+06
731 3.370067e+06 -1.930684e+04 -4.105903e+06 5.311889e+06
732 -2.565694e+06 -4.571223e+06 4.331828e+05 5.259897e+06
733 -1.364936e+06 2.896675e+06 1.524703e+06 3.546617e+06
734 -2.119443e+06 1.905330e+06 1.617485e+06 3.276977e+06
735 2.212329e+06 3.324286e+06 1.131303e+06 4.150317e+06
736 -1.127245e+06 -1.376863e+05 -1.188650e+06 1.643936e+06
737 3.140822e+06 3.679835e+06 3.875001e+06 6.198515e+06
738 -7.659822e+05 -1.801682e+06 1.180650e+04 1.957786e+06
739 2.479080e+06 -2.017484e+06 7.175280e+05 3.275809e+06
740 7.122380e+05 6.172243e+05 -3.816607e+06 3.931251e+06
741 -1.540339e+06 -1.097244e+06 -4.218442e+05 1.937664e+06
742 -2.300957e+06 -1.538826e+06 1.912669e+06 3.364624e+06
743 -1.082722e+06 5.501644e+06 2.174844e+06 6.014177e+06
744 -1.470630e+06 -1.507888e+06 6.258047e+05 2.197296e+06
745 -8.171917e+05 -3.213646e+05 -3.197992e+06 3.316358e+06
746 -1.555617e+06 2.798339e+06 -2.248444e+06 3.912307e+06
747 -5.687761e+06 7.386020e+05 5.206779e+06 7.746400e+06
748 5.588496e+05 -1.091585e+05 8.589535e+05 1.030548e+06
749 8.989787e+05 1.929512e+06 9.973168e+05 2.350706e+06
750 -7.935647e+05 3.984095e+06 5.132257e+05 4.094650e+06
751 3.698174e+05 1.263480e+06 1.052811e+06 1.685692e+06
752 -4.556249e+06 1.387880e+06 -2.409488e+06 5.337719e+06
753 5.084793e+06 8.219473e+05 2.745737e+06 5.836934e+06
754 -6.965295e+06 -5.939069e+06 7.899650e+05 9.187595e+06
755 4.219967e+06 1.355372e+06 1.613452e+06 4.716819e+06
756 -3.874543e+06 1.872533e+06 4.657979e+06 6.341548e+06
757 -1.849578e+06 -2.106460e+06 -3.323516e+06 4.347858e+06
758 -2.671550e+06 -3.961533e+06 3.795564e+06 6.102232e+06
759 2.590352e+06 -5.540769e+06 2.591262e+06 6.642641e+06
760 9.411765e+05 4.578679e+05 4.942696e+05 1.157479e+06
761 -1.254347e+06 2.374905e+06 2.460492e+06 3.642469e+06
762 1.328339e+06 -8.988310e+05 1.602277e+06 2.267085e+06
763 1.263560e+06 -2.823566e+06 -5.694891e+06 6.480809e+06
764 1.829143e+06 5.913291e+05 -3.681948e+06 4.153573e+06
765 -3.999971e+06 -5.824158e+06 -2.210128e+06 7.403057e+06
766 1.704613e+05 -1.922764e+06 5.000938e+06 5.360547e+06
767 -1.034643e+06 2.360038e+06 -2.059882e+06 3.298996e+06
768 -4.936198e+05 -2.017729e+06 6.549743e+06 6.871246e+06
769 1.635280e+06 -2.482746e+06 4.181781e+06 5.130834e+06
770 -2.071159e+06 1.539710e+06 7.745154e+05 2.694490e+06
771 1.938067e+06 3.555592e+06 -1.501266e+06 4.318812e+06
772 4.047865e+06 3.680889e+06 -3.571729e+05 5.482858e+06
773 7.118928e+04 -5.138151e+06 -4.626911e+06 6.914764e+06
774 5.646541e+05 5.266004e+06 -1.694304e+06 5.560602e+06
775 -2.840912e+06 -1.911927e+06 1.982365e+06 3.956769e+06
776 2.318765e+06 -2.964639e+06 -7.624848e+05 3.840200e+06
777 2.897284e+06 -3.379439e+06 -3.565403e+06 5.703241e+06
778 -3.966679e+06 1.971751e+05 1.276684e+06 4.171731e+06
779 1.805851e+06 9.381973e+05 -3.548444e+06 4.090570e+06
780 -3.746368e+06 -4.401647e+04 -3.605415e+06 5.199637e+06
781 5.294584e+06 -3.517051e+06 8.525555e+05 6.413199e+06
782 -4.746787e+06 3.407311e+06 -7.908495e+05 5.896372e+06
783 1.714747e+06 -9.235727e+05 1.387595e+06 2.391394e+06
784 -2.034337e+05 3.666618e+05 2.043388e+06 2.085968e+06
785 3.081604e+06 -2.728963e+06 -9.171265e+05 4.217184e+06
786 -2.844814e+06 3.829569e+06 3.637016e+06 5.998871e+06
787 -1.571977e+06 -2.108452e+06 -2.311552e+06 3.501422e+06
788 -1.468818e+06 3.188582e+06 2.631655e+06 4.387492e+06
789 2.456711e+06 -2.690557e+06 1.752599e+06 4.043035e+06
790 -1.237582e+06 6.241634e+05 4.528099e+06 4.735490e+06
791 -3.125211e+06 -1.207473e+06 -9.824624e+05 3.491442e+06
792 -3.002512e+06 -2.613140e+06 -1.161323e+06 4.146354e+06
793 -1.743807e+06 -1.354199e+05 -2.004570e+06 2.660357e+06
794 -7.379272e+04 1.209325e+06 2.951784e+06 3.190759e+06
795 -4.213254e+06 -1.320229e+06 -2.221375e+06 4.942572e+06
796 -2.121567e+06 -4.885712e+06 1.321226e+06 5.487883e+06
797 1.186964e+06 -1.104925e+06 1.625009e+06 2.295734e+06
798 -2.223399e+06 8.704341e+04 1.136164e+06 2.498389e+06
799 3.024346e+06 6.377477e+06 2.874439e+06 7.621107e+06
800 1.620982e+05 -5.627016e+05 -2.218857e+06 2.294828e+06
801 -1.334920e+06 4.950456e+06 -2.150585e+06 5.560040e+06
802 -3.015888e+06 1.160048e+06 2.630868e+06 4.166865e+06
803 2.266924e+06 -1.695878e+06 2.219221e+06 3.597206e+06
804 2.594837e+06 5.513336e+06 -4.370620e+06 7.498825e+06
805 -5.187241e+05 2.838103e+06 1.180353e+06 3.117233e+06
806 1.990033e+06 5.507873e+06 3.425721e+06 6.784723e+06
807 2.928801e+06 -1.075544e+06 1.734589e+06 3.569800e+06
808 -5.220982e+06 -6.404304e+05 5.931358e+05 5.293451e+06
809 8.620884e+05 -4.011620e+06 2.500952e+06 4.805315e+06
810 2.866971e+06 1.964456e+06 -4.529893e+04 3.475725e+06
811 2.949280e+06 7.876917e+05 -1.616716e+05 3.056934e+06
812 7.675988e+05 -2.549720e+06 4.943990e+06 5.615453e+06
813 -2.024897e+06 3.454107e+06 -3.715954e+06 5.462543e+06
814 -6.645566e+05 1.471419e+06 2.082040e+06 2.634692e+06
815 3.005991e+06 -5.206060e+06 1.574607e+06 6.214373e+06
816 2.440962e+06 3.767449e+06 2.155296e+06 4.979686e+06
817 8.179590e+05 -8.339397e+05 -2.361098e+06 2.634255e+06
818 3.510551e+06 -3.667851e+06 3.442216e+06 6.134000e+06
819 -2.988019e+05 4.914008e+06 -4.931502e+05 4.947722e+06
820 3.025527e+06 3.717330e+05 -2.049812e+06 3.673381e+06
821 -8.483127e+05 1.731081e+06 2.867657e+05 1.948977e+06
822 -2.821975e+06 1.495167e+06 3.673016e+06 4.867249e+06
823 1.118669e+06 -2.114450e+06 -3.489562e+06 4.230764e+06
824 8.199598e+05 4.248655e+06 -1.244764e+06 4.502537e+06
825 2.846285e+06 1.923501e+06 -1.893839e+06 3.922731e+06
826 -1.046302e+06 5.081631e+06 1.641284e+06 5.441648e+06
827 9.229192e+05 1.454302e+06 -2.814301e+06 3.299555e+06
828 -6.025380e+06 -1.052120e+06 7.776766e+05 6.165788e+06
829 1.955024e+06 3.363797e+06 1.138162e+04 3.890679e+06
830 -2.241786e+06 1.820631e+06 3.045583e+06 4.197128e+06
831 -1.823804e+06 1.344133e+06 6.962717e+05 2.370179e+06
832 1.714549e+06 -1.426353e+05 6.266773e+06 6.498651e+06
833 3.206347e+06 8.566586e+05 8.922961e+05 3.436672e+06
834 -3.708838e+05 -1.513168e+06 1.218259e+06 1.977723e+06
835 -4.897003e+05 -2.071407e+06 -1.711401e+06 2.731196e+06
836 9.882214e+05 2.265380e+06 -3.591388e+06 4.359655e+06
837 -9.099806e+05 1.688468e+05 3.888802e+06 3.997419e+06
838 -4.241204e+06 8.001095e+05 -3.048382e+06 5.283997e+06
839 -8.732718e+05 2.906687e+05 -1.163440e+06 1.483471e+06
840 -4.761594e+05 1.960835e+05 4.965832e+05 7.153820e+05
841 -3.200845e+06 2.578241e+06 2.887514e+06 5.022994e+06
842 -3.228397e+06 2.534353e+05 -1.432882e+06 3.541176e+06
843 2.482420e+06 6.848662e+05 -8.834167e+05 2.722476e+06
844 -5.014213e+06 3.357093e+06 4.844124e+06 7.738084e+06
845 1.606255e+06 -5.177519e+06 -3.096339e+06 6.242922e+06
846 -2.399752e+06 1.476892e+06 1.505060e+06 3.194561e+06
847 -1.589090e+06 -2.791152e+06 3.212982e+06 4.543015e+06
848 -1.224714e+05 -4.190913e+06 4.245740e+05 4.214144e+06
849 -4.924492e+06 2.992665e+06 9.985480e+05 5.848398e+06
850 1.077344e+06 -3.556399e+06 -4.928369e+06 6.172315e+06
851 2.358887e+06 -1.571532e+06 2.307451e+06 3.654914e+06
852 -1.675709e+06 3.379954e+06 7.185321e+05 3.840362e+06
853 -2.402088e+06 -7.398776e+04 2.938168e+06 3.795830e+06
854 -3.233702e+06 5.764596e+06 -5.071696e+06 8.331236e+06
855 -7.133902e+06 -1.468419e+06 4.134590e+06 8.375181e+06
856 -1.674665e+06 6.208784e+05 -5.385759e+06 5.674186e+06
857 -1.031219e+05 1.359548e+06 3.827408e+05 1.416155e+06
858 2.482517e+06 -5.658680e+06 6.698439e+04 6.179647e+06
859 -1.236277e+06 1.499919e+06 -1.751979e+06 2.616786e+06
860 -1.711655e+05 -1.610123e+06 -3.913753e+06 4.235476e+06
861 4.255205e+06 -1.528218e+06 -1.632367e+06 4.806958e+06
862 4.594958e+06 -6.748627e+06 4.851606e+06 9.497141e+06
863 -1.425386e+06 3.462342e+06 -2.885001e+06 4.726814e+06
864 2.272961e+06 1.271891e+06 2.390372e+06 3.535242e+06
865 3.410826e+06 -4.927802e+04 -2.347424e+06 4.140840e+06
866 7.057484e+05 2.508579e+06 -3.449334e+05 2.628693e+06
867 1.684209e+06 3.486027e+06 -7.187897e+05 3.937715e+06
868 1.602930e+06 -1.911345e+06 3.462606e+06 4.267583e+06
869 -4.383570e+05 -8.326657e+05 -1.140975e+06 1.478957e+06
870 -1.756766e+06 2.667541e+06 1.209719e+06 3.415468e+06
871 1.690932e+06 -1.272671e+06 -2.178019e+06 3.036892e+06
872 -1.906491e+06 3.170203e+05 -1.825826e+06 2.658732e+06
873 -7.141082e+05 2.934315e+06 3.154992e+06 4.367394e+06
874 1.145787e+06 -5.946875e+06 -4.620313e+05 6.073847e+06
875 -1.795158e+06 -2.663750e+06 1.556972e+06 3.569638e+06
876 -1.271447e+06 -2.605333e+06 -1.392977e+06 3.216321e+06
877 -8.411360e+05 3.376071e+06 -4.954145e+05 3.514371e+06
878 2.461627e+05 1.865109e+06 3.503397e+06 3.976558e+06
879 -5.268549e+05 6.126283e+06 2.665860e+06 6.701920e+06
880 -4.020169e+05 -4.429196e+05 -3.118236e+06 3.175089e+06
881 6.148309e+05 5.945723e+06 1.399624e+06 6.139103e+06
882 -3.338770e+06 1.567403e+06 2.604098e+06 4.515026e+06
883 1.311466e+06 2.430154e+05 3.312869e+06 3.571288e+06
884 -2.940509e+06 -1.358134e+06 1.386764e+06 3.523384e+06
885 -4.817620e+05 4.671213e+05 2.929716e+06 3.005584e+06
886 -2.699530e+06 2.637800e+05 -1.515898e+06 3.107248e+06
887 -1.333141e+06 3.029668e+06 2.051476e+06 3.894189e+06
888 -1.102475e+06 1.386019e+06 4.590855e+06 4.920615e+06
889 3.860916e+06 1.254145e+06 1.551887e+06 4.346021e+06
890 1.121899e+06 2.049258e+06 -5.800362e+06 6.253184e+06
891 1.428896e+06 -5.171844e+06 -2.126143e+06 5.771499e+06
892 3.228962e+06 5.565202e+05 4.678597e+06 5.711845e+06
893 4.607650e+06 1.422140e+06 6.127597e+04 4.822518e+06
894 4.907045e+06 1.197339e+06 -5.888083e+05 5.085214e+06
895 -5.324475e+06 3.899573e+06 5.466964e+05 6.622355e+06
896 2.391151e+06 5.366879e+05 3.740156e+06 4.471511e+06
897 6.516991e+05 3.477326e+06 3.253560e+06 4.806471e+06
898 -1.522946e+06 2.384254e+06 1.669688e+06 3.285101e+06
899 -4.295627e+06 2.507899e+06 -1.559193e+05 4.976573e+06
900 -7.345740e+06 7.284791e+05 2.692232e+06 7.857397e+06
901 3.153489e+06 6.316253e+05 1.652952e+06 3.616033e+06
902 -2.295983e+06 -3.854856e+06 -1.233767e+05 4.488505e+06
903 2.541120e+06 -9.168953e+05 -3.543155e+06 4.455551e+06
904 2.245834e+06 -2.649772e+06 -3.109336e+06 4.661870e+06
905 -2.008521e+06 1.449541e+06 6.218698e+06 6.693842e+06
906 7.322987e+05 -8.266393e+05 -3.787988e+06 3.945687e+06
907 -1.091485e+06 4.087475e+06 1.180462e+06 4.392298e+06
908 4.415088e+05 -1.909631e+06 -1.134533e+06 2.264682e+06
909 1.167093e+06 1.665883e+06 3.491343e+06 4.040637e+06
910 -5.893943e+05 -5.562766e+06 -2.937098e+06 6.318093e+06
911 -5.418874e+06 4.266157e+06 -3.114768e+06 7.567435e+06
912 -4.681485e+05 2.320302e+06 2.232538e+06 3.253796e+06
913 2.300908e+06 -1.598504e+06 -9.674269e+05 2.964002e+06
914 2.568714e+06 1.333003e+06 -3.121892e+06 4.256924e+06
915 2.918895e+06 -5.018513e+06 -9.437240e+05 5.881839e+06
916 5.516081e+06 -1.281027e+05 -3.591066e+05 5.529242e+06
917 -1.038349e+06 2.174805e+06 -2.428523e+06 3.421355e+06
918 -1.852130e+06 -3.630180e+06 4.335291e+06 5.950071e+06
919 2.817065e+06 9.752426e+05 1.834343e+06 3.500252e+06
920 7.748101e+05 -3.460688e+06 9.952999e+02 3.546363e+06
921 7.210408e+05 2.074473e+06 -2.022601e+06 2.985674e+06
922 3.021837e+06 -3.210204e+06 3.133736e+06 5.408994e+06
923 3.378621e+06 5.617226e+06 1.730301e+06 6.779546e+06
924 4.348885e+06 -1.721358e+06 -2.596457e+06 5.349529e+06
925 -1.458384e+06 2.771856e+06 1.308766e+06 3.394545e+06
926 6.906368e+05 -4.789399e+05 1.296065e+06 1.544716e+06
927 -1.622879e+06 -3.414022e+06 1.320084e+06 4.003986e+06
928 2.118907e+06 1.178455e+06 -4.766955e+06 5.348120e+06
929 3.252486e+05 4.373319e+05 5.525303e+05 7.761028e+05
930 6.102052e+06 -3.557925e+04 -1.634340e+06 6.317229e+06
931 -1.630326e+06 -1.846934e+06 -1.365082e+06 2.816483e+06
932 4.317403e+06 -1.163498e+05 -4.509817e+06 6.244354e+06
933 4.724255e+05 -2.650664e+05 -2.019618e+06 2.091005e+06
934 2.001738e+06 1.330952e+06 4.054208e+06 4.713278e+06
935 5.751872e+06 2.263989e+06 6.852528e+06 9.228587e+06
936 -4.805272e+05 3.964371e+06 4.535718e+05 4.019064e+06
937 9.049584e+05 -3.393560e+05 -5.216230e+06 5.305013e+06
938 -3.926773e+06 -2.814640e+06 -3.167454e+06 5.777068e+06
939 6.016825e+06 3.217125e+06 -2.977241e+06 7.444195e+06
940 1.906113e+06 -2.199691e+06 -2.245179e+06 3.675967e+06
941 -1.757334e+06 1.894607e+06 2.828323e+06 3.831079e+06
942 -5.336871e+06 -1.020964e+06 -3.808026e+04 5.433784e+06
943 -3.379219e+05 3.727803e+04 -3.879364e+06 3.894232e+06
944 -4.078927e+06 -3.416887e+06 2.440788e+06 5.854077e+06
945 3.273920e+05 -7.776769e+05 2.411085e+06 2.554466e+06
946 1.068796e+06 2.988870e+06 -5.216369e+05 3.216796e+06
947 1.437584e+06 -3.525461e+06 -1.544129e+06 4.108511e+06
948 -1.985725e+06 -1.012150e+06 -4.889491e+06 5.373516e+06
949 -4.788238e+06 -7.438046e+06 -1.709653e+06 9.009698e+06
950 -2.597931e+06 -2.600300e+06 3.381733e+06 4.994690e+06
951 2.300571e+04 -2.831321e+06 2.642724e+05 2.843721e+06
952 -6.306145e+06 -4.162950e+06 9.009101e+05 7.609813e+06
953 -4.633381e+06 1.415987e+06 -5.926974e+05 4.881038e+06
954 4.590920e+06 7.909788e+06 -7.511501e+06 1.183486e+07
955 5.043839e+06 1.573072e+06 1.947206e+06 5.630851e+06
956 -4.329981e+06 -2.783291e+06 -4.163528e+06 6.620454e+06
957 1.591557e+06 1.581661e+06 -3.879218e+05 2.277101e+06
958 4.550363e+05 -7.867833e+05 2.601663e+06 2.755855e+06
959 7.689645e+05 -1.610999e+06 5.315560e+05 1.862573e+06
960 -3.620309e+06 -3.854278e+05 -2.499647e+06 4.416268e+06
961 3.275253e+06 -2.434753e+05 6.093118e+05 3.340333e+06
962 -2.687950e+06 -3.582718e+04 7.566098e+06 8.029458e+06
963 -1.259979e+06 -3.106324e+06 5.740161e+06 6.647273e+06
964 8.193031e+05 1.053099e+06 -9.764913e+05 1.653424e+06
965 -1.281470e+06 -6.136266e+05 -2.721208e+06 3.069800e+06
966 -2.372046e+06 -5.260056e+05 9.792711e+05 2.619590e+06
967 2.798213e+05 5.327010e+05 -1.837742e+06 1.933744e+06
968 2.360948e+06 1.947259e+06 4.002286e+06 5.038273e+06
969 -1.564943e+06 2.458113e+06 -1.546307e+05 2.918095e+06
970 5.515282e+05 4.797712e+05 -2.740545e+06 2.836362e+06
971 2.176204e+06 1.161971e+06 -2.597538e+05 2.480628e+06
972 2.225264e+06 -6.471056e+05 -7.328535e+05 2.430560e+06
973 -1.486783e+06 -1.976500e+06 -2.815281e+06 3.747384e+06
974 5.641984e+04 -2.097886e+06 3.742948e+05 2.131761e+06
975 1.627172e+06 -9.166873e+05 -4.066670e+06 4.475021e+06
976 6.364384e+05 3.244449e+06 -1.628240e+06 3.685467e+06
977 4.194383e+06 2.049433e+06 -2.201158e+06 5.161214e+06
978 2.637089e+06 2.158448e+05 -1.318305e+06 2.956139e+06
979 1.282003e+06 1.385845e+06 4.678476e+06 5.045021e+06
980 2.687073e+05 -1.515378e+06 -6.645511e+06 6.821392e+06
981 -3.163775e+04 2.541945e+05 6.295579e+05 6.796756e+05
982 5.751719e+06 -4.169709e+06 2.618993e+06 7.571517e+06
983 -2.105132e+06 9.864853e+05 2.592651e+06 3.482323e+06
984 -2.309330e+06 4.654465e+06 8.713695e+06 1.014522e+07
985 1.511738e+06 -2.282104e+06 -1.080069e+06 2.942771e+06
986 -4.630586e+06 -1.563111e+06 1.116030e+04 4.887307e+06
987 -2.614874e+05 -2.453395e+06 -5.968850e+06 6.458691e+06
988 -2.483130e+06 -2.323955e+06 -1.213740e+06 3.611076e+06
989 -3.772663e+05 2.455207e+06 -2.266697e+06 3.362780e+06
990 7.270860e+05 -8.075662e+05 -2.896517e+06 3.093644e+06
991 2.934925e+06 -3.944770e+06 -9.577096e+05 5.009211e+06
992 2.048269e+06 1.184276e+06 -4.084120e+04 2.366344e+06
993 -3.319694e+06 -1.587149e+06 -3.914242e+05 3.700354e+06
994 7.171210e+03 -1.829132e+05 -1.407374e+06 1.419229e+06
995 -2.231316e+05 -1.476066e+06 1.912139e+06 2.425868e+06
996 -4.113485e+06 -5.057947e+06 -4.103825e+05 6.532381e+06
997 1.737307e+06 2.146472e+06 -5.894335e+05 2.823652e+06
998 9.545208e+05 -2.665251e+06 7.485070e+05 2.928299e+06
999 -5.399561e+06 1.461303e+06 -7.807388e+05 5.648028e+06
